3871128 75 325 5199 4096805 0.9615384615384616
3845648 80 325 5486 4247768 1
3829796 85 325 6004 4181858 0.8076923076923077
3833795 110 325 8842 4238912 0.8461538461538461
3829356 78 325 5999 4062259 0.8846153846153846
3822211 98 325 8452 4161467 0.8461538461538461
3843898 75 325 7214 4116345 0.8846153846153846
3864657 64 325 4592 4154403 0.9615384615384616
3833131 71 325 5854 4241615 0.7307692307692307
3826608 71 325 6253 4186183 0.8076923076923077
3822673 60 325 5236 4256409 0.8076923076923077
3841694 84 325 7242 4267850 0.8461538461538461
3858555 55 325 4537 4216331 0.8076923076923077
3850093 94 325 6036 4250026 1
3856672 58 325 3824 4145686 0.9230769230769231
3861340 69 325 10057 4120771 0.9615384615384616
3822022 91 325 6731 4334071 0.8076923076923077
3822030 80 325 7213 4269963 0.6153846153846154
3822264 44 325 4071 4079917 0.7692307692307693
3850422 62 325 5996 4151932 0.8846153846153846
3862713 71 325 4726 4202607 0.9615384615384616
3821786 122 325 8106 4279057 0.6923076923076923
3833444 80 325 7536 4169286 1
3821563 81 325 5897 4111675 0.7692307692307693
3821667 102 325 7601 4331761 0.8076923076923077
3830779 74 325 7473 4144387 0.7692307692307693
3822211 92 325 6432 4222910 0.6923076923076923
3835523 102 325 8845 4163406 0.9230769230769231
3825084 86 325 6008 4134921 0.8076923076923077
3831729 73 325 8273 4193218 0.9615384615384616
3837720 51 325 5039 4071892 1
3821926 83 325 5398 4247443 0.8846153846153846
3851936 58 325 4700 4238634 0.9615384615384616
3835990 81 325 6260 4202865 1
3826088 95 325 7098 4286040 0.6153846153846154
3833461 70 325 8467 4160423 0.9230769230769231
3831839 86 325 5931 4285093 0.8076923076923077
3875375 62 325 6608 4097176 1
3835310 96 325 7887 4219246 1
3832420 73 325 6039 4247014 0.8076923076923077
3836646 101 325 8081 4274044 0.9615384615384616
3865968 69 325 7189 4059831 0.8846153846153846
3828724 105 325 8122 4265542 0.8076923076923077
3821786 73 325 7747 4116374 0.8846153846153846
3869955 71 325 4568 4245655 0.9615384615384616
3822037 122 325 10882 4255283 0.7692307692307693
3821555 118 325 11565 4239606 0.8461538461538461
3828169 86 325 6142 4179793 0.8076923076923077
3855489 52 325 4299 4140322 0.9615384615384616
3865665 82 325 8226 4121443 0.9615384615384616
3879431 49 325 3145 4239992 0.9230769230769231
3893899 75 325 3826 4321089 0.8846153846153846
3821225 91 325 7039 4250304 0.4230769230769231
3822009 74 325 6289 4232110 0.6538461538461539
3884146 81 325 9542 4286701 0.9230769230769231
3833164 67 325 6187 4253661 0.8076923076923077
3862843 71 325 5062 4144307 0.9615384615384616
3822625 104 325 9015 4274242 0.8461538461538461
3821239 91 325 7205 4215818 0.5384615384615384
3822674 92 325 7494 4380515 0.7692307692307693
3821786 106 325 8430 4179974 0.8846153846153846
3853970 69 325 4963 4293284 0.9615384615384616
3831182 84 325 6753 4208262 0.8461538461538461
3855724 59 325 4794 4212432 1
3859391 51 325 6861 4094415 1
3866543 67 325 4037 4201499 0.9615384615384616
3824086 87 325 6764 4263830 0.9230769230769231
3874305 93 325 5653 4248603 1
3821855 68 325 5918 4166274 0.9615384615384616
3835660 86 325 6963 4194782 0.9615384615384616
3821792 98 325 8348 4185552 0.9230769230769231
3834325 90 325 4849 4324681 0.9615384615384616
3821512 82 325 6971 4154295 0.8461538461538461
3865528 57 325 4023 4240466 0.8461538461538461
3829614 72 325 6993 4170956 0.9230769230769231
3857764 62 325 4726 4211134 0.9615384615384616
3884889 48 325 3837 4110285 0.9230769230769231
3821818 85 325 6782 4164132 0.8461538461538461
3832330 58 325 5221 4172935 0.9615384615384616
3825534 110 325 9781 4294701 0.6923076923076923
3853937 59 325 4585 4202140 0.9615384615384616
3822022 51 325 4907 4234658 0.8076923076923077
3854525 73 325 5702 4313509 0.8846153846153846
3836133 74 325 6205 4229744 1
3825741 95 325 7855 4204671 0.6923076923076923
3832391 65 325 5629 4181809 0.9230769230769231
3850556 85 325 6433 4212227 0.9615384615384616
3830146 109 325 8390 4284302 0.6538461538461539
3834770 67 325 6317 4157812 0.8461538461538461
3836256 50 325 5732 4089018 1
3821257 82 325 5583 4240207 0.7307692307692307
3821939 80 325 7127 4266316 0.9615384615384616
3830487 86 325 7664 4283061 0.7307692307692307
3859320 77 325 5525 4267298 0.8461538461538461
3891781 50 325 4389 4120614 0.9615384615384616
3831182 66 325 4987 4248097 0.8076923076923077
3860848 79 325 7875 4198167 0.9230769230769231
3831736 79 325 7181 4149998 1
3843205 77 325 6292 4212697 0.8846153846153846
3829531 93 325 6756 4306455 0.9615384615384616
3833034 89 325 7034 4097062 1
3861819 58 325 4372 4068557 1
3836777 84 325 7792 4213249 0.8461538461538461
3822168 70 325 5441 4049772 0.8076923076923077
3833219 94 325 6493 4301548 0.9230769230769231
3836435 69 325 5714 4212131 1
3837345 75 325 7336 4012958 1
3822245 83 325 5705 4390546 0.8461538461538461
3835398 70 325 5997 4171978 1
3830642 64 325 6145 4223365 0.9230769230769231
3827279 57 325 4467 4108746 1
3877992 41 325 2606 4120148 0.9230769230769231
3858481 104 325 7293 4251803 0.8461538461538461
3832059 74 325 5571 4155192 0.8461538461538461
3821731 63 325 7695 4115002 0.8076923076923077
3878657 93 325 6870 4388839 0.8461538461538461
3821381 74 325 8474 4167581 0.6153846153846154
3858743 88 325 8333 4244159 0.8461538461538461
3831279 56 325 4621 4113170 0.9615384615384616
3858962 50 325 4054 4220860 0.9615384615384616
3833764 63 325 6686 4195677 0.9230769230769231
3829614 65 325 5812 4239588 0.8846153846153846
3822008 68 325 5955 4144363 0.7692307692307693
3845815 68 325 5264 4219335 0.9615384615384616
3850007 77 325 4972 4232725 1
3831464 57 325 4195 4129289 0.8076923076923077
3870886 70 325 6837 4256980 0.9615384615384616
3821563 79 325 7300 4286260 0.8076923076923077
3830853 73 325 6555 4194697 0.6153846153846154
3837225 88 325 6773 4259647 1
3870700 104 325 7007 4218237 0.9230769230769231
3861684 62 325 3543 4279375 1
3857868 78 325 5231 4308093 0.8461538461538461
3872180 47 325 4458 4028336 1
3859621 72 325 7539 4328356 0.8846153846153846
3858939 89 325 6782 4240139 0.8846153846153846
3821911 72 325 6043 4069075 0.8461538461538461
3821911 92 325 7015 4216256 0.8076923076923077
3832964 73 325 4669 4233357 1
3872759 80 325 7187 4275062 0.8461538461538461
3833459 94 325 8482 4188916 0.8076923076923077
3870593 74 325 5488 4253108 0.8846153846153846
3835520 91 325 7705 4167017 1
3826885 112 325 9174 4155201 0.8846153846153846
3855417 66 325 4574 4239267 1
3822083 78 325 6689 4179277 0.8461538461538461
3834094 73 325 3505 4204997 0.8846153846153846
3831004 65 325 5695 4190245 1
3831491 61 325 5945 4279151 0.7692307692307693
3821389 69 325 5960 4294093 0.8846153846153846
3831128 87 325 9591 4275655 0.8461538461538461
3840294 69 325 5208 4094640 1
3821555 93 325 7608 4195979 0.8461538461538461
3831256 72 325 8442 4228097 0.7307692307692307
3833191 74 325 9095 4082780 0.8461538461538461
3831646 68 325 8779 4168328 0.8846153846153846
3831729 93 325 8611 4250286 0.9615384615384616
3822168 88 325 6829 4250446 0.7692307692307693
3834311 81 325 5443 4270668 1
3872295 80 325 4741 4302877 0.9230769230769231
3821563 86 325 9087 4168365 0.9230769230769231
3822961 58 325 4960 4160608 0.8846153846153846
3822003 90 325 7332 4154820 0.8846153846153846
3822037 78 325 7734 4271536 0.8846153846153846
3832346 85 325 6927 4124600 0.8846153846153846
3821905 83 325 7885 4079647 0.7692307692307693
3841205 84 325 6556 4146738 0.8461538461538461
3821427 82 325 7031 4393995 0.8076923076923077
3859582 57 325 4894 4059294 0.9615384615384616
3854694 77 325 8375 4211762 0.8461538461538461
3822870 61 325 6595 4122973 0.5769230769230769
3830007 76 325 6409 4113593 0.9615384615384616
3822509 84 325 7430 4136748 0.9230769230769231
3823469 73 325 4545 4218295 0.8846153846153846
3835671 65 325 5407 4270835 0.9230769230769231
3857106 72 325 5508 4256755 0.9615384615384616
3864647 58 325 4884 4280440 0.9230769230769231
3835909 60 325 6013 4139889 0.9230769230769231
3832461 86 325 5398 4229462 0.8461538461538461
3859093 69 325 5476 4267533 1
3832059 103 325 8996 4177582 0.8846153846153846
3821667 96 325 8724 4321781 0.8846153846153846
3831659 93 325 6553 4326397 0.9230769230769231
3830262 78 325 5413 4210482 0.8846153846153846
3829912 86 325 7580 4222848 0.6923076923076923
3830480 85 325 9951 4160679 1
3832540 89 325 6313 4292441 0.9230769230769231
3862843 72 325 7229 4224785 1
3888854 57 325 4901 4207183 0.8076923076923077
3854565 86 325 7041 4311643 0.8461538461538461
3832105 82 325 9933 4231773 0.8461538461538461
3831617 82 325 7817 4360908 0.7692307692307693
3864614 77 325 6103 4227958 0.9230769230769231
3830202 56 325 6394 4083038 1
3870789 49 325 6078 4104708 0.9230769230769231
3822271 76 325 7656 4289430 0.9230769230769231
3831729 57 325 5560 4164007 1
3821667 107 325 7300 4320538 0.8846153846153846
3850828 84 325 7375 4240290 1
3831262 73 325 6882 4092520 1
3855673 75 325 6275 4188743 0.9230769230769231
3857896 71 325 6151 4209812 0.8076923076923077
3865472 80 325 5077 4227391 0.9615384615384616
3821657 86 325 7358 4245264 0.7692307692307693
3870649 71 325 6466 4187774 0.9230769230769231
3828840 93 325 7932 4200595 0.8076923076923077
3823766 74 325 5794 4191536 0.8461538461538461
3842514 71 325 3973 4230746 0.8846153846153846
3848230 51 325 6464 4078487 1
3833561 66 325 4518 4281893 0.9615384615384616
3849688 67 325 4579 4219555 1
3825084 88 325 8194 4199663 0.7692307692307693
3875728 94 325 8006 4280526 0.8846153846153846
3828840 81 325 5352 4229751 0.8076923076923077
3822191 86 325 8160 4306874 0.8076923076923077
3833451 75 325 5207 4149200 1
3821779 84 325 5730 4148610 0.8461538461538461
3834075 59 325 5510 4107908 1
3822078 88 325 7181 4207544 0.8846153846153846
3822211 69 325 6391 4223540 0.6923076923076923
3831520 73 325 6801 4322160 0.7307692307692307
3844016 67 325 6042 4187850 0.9615384615384616
3862045 74 325 6014 4246254 0.9230769230769231
3863192 66 325 4130 4185871 0.9615384615384616
3854706 67 325 6411 4193157 0.9615384615384616
3833128 54 325 6268 4319588 1
3822951 75 325 6141 4267347 0.8846153846153846
3861216 84 325 6571 4179637 0.9230769230769231
3821786 101 325 8815 4185223 0.8846153846153846
3833778 53 325 6155 4081661 1
3830589 82 325 6506 4270513 0.8461538461538461
3831279 90 325 6683 4232040 1
3835799 61 325 4249 3998962 0.9230769230769231
3835561 107 325 9432 4233160 1
3823105 131 325 8990 4350411 0.8461538461538461
3867792 41 325 4534 4067996 0.9230769230769231
3821257 95 325 9115 4383149 0.7692307692307693
3853841 62 325 3570 4273538 0.8461538461538461
3836213 100 325 7654 4209653 0.9230769230769231
3833469 78 325 5454 4179823 0.9615384615384616
3828973 83 325 4929 4325613 1
3834318 81 325 5169 4414193 0.8846153846153846
3821553 68 325 5218 4116024 0.8076923076923077
3821670 107 325 9010 4263157 0.8076923076923077
3831249 92 325 8443 4182279 0.7307692307692307
3858799 68 325 4329 4231995 1
3855218 71 325 5472 4136514 0.9230769230769231
3862827 51 325 4623 4071604 0.9230769230769231
3836448 67 325 4683 4150356 1
3834875 75 325 5929 4242354 0.9230769230769231
3822037 77 325 6802 4124852 0.9230769230769231
3831987 66 325 4453 4197443 0.8846153846153846
3835591 76 325 5379 4183794 0.9230769230769231
3825741 70 325 5158 4125635 0.8846153846153846
3822211 74 325 5460 4194629 0.5384615384615384
3848472 73 325 5437 4280938 1
3822217 84 325 6967 4318103 0.6923076923076923
3825410 105 325 6622 4283468 1
3851239 62 325 5582 4335558 0.9230769230769231
3823318 97 325 9885 4157522 0.8846153846153846
3854672 76 325 5909 4132052 0.9615384615384616
3829826 73 325 7181 4243847 0.9615384615384616
3836256 69 325 8141 4153399 1
3821423 93 325 9618 4245222 0.8076923076923077
3829475 95 325 7769 4211063 0.7307692307692307
3822277 94 325 10456 4208483 0.8461538461538461
3874612 49 325 4476 4269358 1
3833449 82 325 5950 4297178 0.9230769230769231
3833480 94 325 6840 4237452 0.8076923076923077
3821670 95 325 8878 4186916 0.7692307692307693
3821926 78 325 6359 4274010 0.8846153846153846
3828892 93 325 6449 4328723 0.7307692307692307
3824248 69 325 9383 4185002 0.8846153846153846
3822630 57 325 9011 4181588 0.8076923076923077
3822163 94 325 8078 4043503 0.7692307692307693
3862505 42 325 5767 4117399 0.9615384615384616
3860624 73 325 5895 4338605 0.8461538461538461
3865116 64 325 4225 4236103 1
3821667 104 325 12778 4165651 0.7307692307692307
3830556 60 325 4751 4166159 0.8461538461538461
3879492 53 325 5019 4144638 0.9615384615384616
3821239 74 325 6092 4179849 0.8076923076923077
3832187 73 325 6902 4199865 0.9615384615384616
3825741 73 325 4787 4129419 0.8076923076923077
3850422 72 325 5829 4161811 0.8846153846153846
3829531 105 325 7690 4339760 0.7692307692307693
3863177 81 325 5919 4297734 0.9615384615384616
3838469 84 325 7249 4313343 1
3835741 107 325 5797 4368119 0.8846153846153846
3831297 100 325 6550 4282739 0.7692307692307693
3869504 64 325 4456 4145192 0.8846153846153846
3884648 65 325 5549 4190930 1
3822088 69 325 5411 4241623 0.9230769230769231
3840313 84 325 7846 4271615 1
3830202 67 325 6841 4304871 0.8076923076923077
3822276 83 325 6338 4194229 0.9230769230769231
3830103 118 325 9185 4354823 0.7307692307692307
3833129 71 325 10111 4011827 1
3823656 110 325 9252 4284373 0.9615384615384616
3828893 88 325 7866 4133944 0.9615384615384616
