16764 45
12130 63
18160 72
24186 75
18418 124
14688 125
16306 150
14934 104
11302 91
11248 163
20262 104
14214 184
15698 134
18942 72
12062 74
11780 95
15320 121
18460 63
14308 68
16930 120
14332 96
18790 118
14272 103
19340 104
16584 66
15932 75
17070 99
13604 72
18696 79
18910 59
13430 94
14688 100
17900 131
19520 62
17644 118
9916 84
15210 74
10214 122
18362 89
13034 88
11926 84
12174 131
14210 64
14642 107
17272 67
15898 52
16076 68
14750 79
15028 84
10688 78
17070 46
14784 86
13430 92
11198 134
13002 92
16448 74
16204 84
10122 108
18892 58
12490 71
13194 82
18274 73
19520 50
17284 137
14732 55
22608 49
16468 59
10506 144
21404 70
10506 138
12750 96
13298 81
19102 130
16402 78
16258 77
10476 94
16448 85
15110 65
14056 94
12294 95
16066 30
17150 65
14714 68
16392 69
16690 34
17452 89
12018 86
13080 110
14740 118
16402 51
15228 79
20054 58
14784 86
17034 81
15330 67
13322 142
18620 95
12460 93
19036 96
11722 104
16872 111
12816 120
12284 61
16458 77
14998 103
11248 843
15918 88
12008 49
12850 97
14720 110
11216 61
17902 90
15518 61
18624 52
15028 68
13968 89
10214 73
15990 82
13238 121
10506 92
14942 125
15838 64
12412 106
14646 57
14440 126
15076 80
11216 85
15320 74
14732 85
15876 99
17452 157
17284 102
16964 50
16992 82
17886 94
18506 64
18860 74
15924 91
13390 116
11458 70
11014 55
14928 65
17352 121
18182 62
11248 126
12062 72
21356 55
15216 57
13546 55
12234 93
14468 140
16762 39
16682 125
14424 85
12174 112
15986 72
14608 71
14740 45
15664 67
17668 57
16424 61
18122 44
13336 45
18540 42
15636 83
13680 83
11248 99
13322 72
10624 107
14616 41
15012 106
12622 77
18072 133
23134 31
17258 58
16122 127
18518 137
19196 115
16666 185
10624 81
18406 72
16264 55
14246 59
13254 102
18788 49
18644 93
16930 87
12472 59
15408 111
9552 98
15722 93
17902 85
14430 69
12850 73
12246 129
17400 53
14836 108
11248 114
15990 52
18600 49
15358 61
16844 64
15622 72
11636 60
14430 96
14382 70
17458 65
15688 77
11248 129
16706 48
16122 93
16830 121
15594 187
14210 165
12986 85
12094 103
16666 153
20420 106
17076 74
11198 173
12096 76
14468 100
17308 68
19246 49
11668 78
16208 43
13546 63
18242 98
18468 80
18138 67
15748 85
18362 102
19326 125
14096 73
17984 86
15282 58
16908 58
17784 90
13172 72
15898 82
22154 74
13080 86
17084 53
19180 68
15178 88
10476 81
10214 128
16080 55
12986 130
22812 77
11248 167
19684 77
12130 118
14430 48
16516 48
24936 52
14074 169
19312 71
13982 73
14512 117
15204 99
20250 65
19414 32
14998 72
10506 121
17668 54
10506 122
15664 53
12008 94
10782 99
22402 50
12284 66
12472 81
13982 85
20024 80
15404 49
10096 142
19086 55
14596 43
17462 79
12850 111
13858 78
16666 137
11688 78
10096 82
10580 92
12294 199
15932 120
10506 161
16402 63
19006 51
17192 91
19098 97
15918 85
19680 79
10506 92
14686 67
12284 85
18270 75
17958 76
14210 70
15582 107
18436 59
16212 81
15918 78
15030 91
12130 55
14928 75
13222 111
12860 91
17732 64
12774 95
11302 58
10476 101
11402 72
14114 54
12392 128
13352 71
15932 93
13482 55
18908 344
11216 255
16056 111
12754 99
22914 75
11514 100
13430 106
14074 102
15688 88
10214 94
14676 117
12174 113
10506 101
11646 61
11838 95
13430 114
13328 61
16510 89
10240 131
13954 55
13476 149
17590 59
12538 107
15010 129
15110 116
16096 58
12352 54
15078 74
18372 93
13002 113
20568 77
14990 54
14816 130
13356 81
14188 115
12352 52
17490 107
18142 72
17668 79
13702 98
15330 174
15782 43
18068 49
15002 90
17034 67
13080 62
17570 70
17520 67
12486 58
11560 125
13238 118
16154 66
14688 68
15572 74
14990 85
12314 55
14090 83
10192 128
12986 118
12730 120
13298 81
14388 25
10624 130
16888 64
14326 57
11780 84
11838 126
12986 119
15664 51
16916 57
19084 68
13412 48
14878 102
14400 122
12774 67
16954 62
10476 142
16290 61
13482 57
13476 68
13076 33
19352 80
11216 71
20018 60
12986 96
9552 219
12352 111
14266 37
11944 118
12734 79
19900 56
18696 100
13194 60
10240 68
14326 95
12130 41
14158 59
12776 82
12882 63
14494 95
15666 72
20716 92
15664 77
16424 95
24098 74
14494 77
14928 104
14608 101
17980 68
16392 153
16448 54
18068 62
17642 69
14996 37
11198 51
12156 91
15194 53
17092 77
16186 59
11636 53
12754 63
20732 94
14724 131
19098 60
18466 42
14928 63
13002 94
17070 58
13346 99
15896 82
14688 151
23142 65
14430 129
10624 109
12352 63
24186 88
11780 156
14056 206
17260 56
13242 83
16930 112
11560 75
12862 38
12314 130
18142 66
17200 68
17352 123
13184 68
16856 99
12412 59
12314 61
17462 98
17900 130
13278 67
12062 98
12538 48
17284 129
10688 58
9916 93
12314 86
11248 114
15632 92
11592 60
15722 84
14558 92
14056 67
12492 83
24186 85
11248 69
10096 77
15698 95
17912 78
13914 30
17642 129
16066 137
13844 87
17306 88
19038 76
18062 61
15328 93
14688 134
20242 52
17984 64
13968 92
14074 114
20196 50
10096 89
14998 56
12754 52
18888 86
17244 83
11248 107
16666 141
16762 112
11838 74
11374 44
16468 36
15028 101
14158 91
16702 83
14158 92
12284 82
15324 58
22556 64
10096 92
11944 86
19084 99
12850 173
13702 91
15850 33
14644 57
17332 59
15518 109
12412 83
16224 59
10096 135
16982 115
12284 79
17070 90
17424 67
12062 87
11678 93
15664 45
14928 65
13184 91
15864 46
15204 101
16930 99
19836 55
14056 103
18960 36
17412 125
15332 80
13182 51
15306 73
19770 58
13902 75
13430 100
12036 108
11944 114
19196 60
21102 59
11560 155
15110 47
13080 61
16062 131
12582 70
12130 75
17590 95
16930 54
13322 63
15330 103
15204 78
12062 83
16122 110
10506 117
10506 97
19100 52
17612 83
18672 103
16784 71
14934 95
11668 95
16022 79
14114 129
11864 61
15632 63
10476 81
14106 148
11498 90
16152 89
16462 66
12844 84
17034 80
11558 85
17192 145
11754 105
12472 68
15800 166
14720 101
15748 94
16666 184
12284 143
11418 85
14308 84
18072 44
12294 68
15892 54
17314 57
14468 115
15992 56
16154 81
17362 72
13372 126
12490 71
17482 74
17372 25
9552 112
16946 66
14602 68
16836 104
15744 45
17490 63
15332 54
12294 119
14158 76
12490 101
18252 61
11248 133
13448 82
14096 127
13172 90
15714 127
11926 169
13210 94
14658 144
14642 101
19446 86
15524 89
17308 63
15586 47
15618 65
15072 113
17010 50
17018 87
11992 45
12774 83
16476 50
14272 116
12444 98
12576 90
17150 65
15100 73
14096 85
16930 79
16212 105
14132 56
14530 53
16224 57
10688 123
17200 114
14688 143
11944 97
11248 105
16468 84
16532 63
12548 117
17850 59
13002 98
11248 273
13686 66
13238 60
16214 83
14000 68
14440 155
15986 65
16494 95
14816 42
13298 74
10476 63
12284 86
16208 73
14596 148
12492 76
17244 113
14158 114
17294 101
11198 59
11754 54
20640 48
16494 76
15890 78
10824 124
13328 74
18860 73
13002 99
11944 120
19142 58
11558 90
10476 142
16022 70
19086 59
12036 66
12986 151
13448 54
14658 116
18330 48
12460 133
13496 121
15284 93
14990 85
17094 89
17056 62
17930 84
12490 144
14688 72
11488 78
17718 35
12610 65
14158 57
9552 79
11992 74
14782 81
18072 74
21736 95
15028 148
15204 71
16640 39
17368 61
12816 154
14876 104
11926 109
11248 151
22188 45
16204 49
14038 57
14086 64
9552 136
11754 69
18242 117
12490 205
18022 64
16402 71
12294 67
14902 65
16112 62
17272 89
17590 63
17024 67
15688 153
13278 75
22680 85
17400 72
19340 85
14326 106
17510 91
15740 63
14270 48
12602 90
11302 119
11014 46
12576 58
12472 61
15362 145
19670 74
15028 59
17788 67
20716 131
10122 72
13080 59
12986 131
13430 122
17286 54
14784 31
18140 71
17076 73
13080 71
12392 65
15030 82
19394 95
19512 42
17178 69
12460 97
11248 144
14272 77
10476 90
12246 161
17372 185
18422 55
14158 57
18110 61
14528 56
11678 93
20412 72
16136 74
13624 87
17018 40
12062 92
14326 152
12062 61
10214 105
17370 37
15992 124
17244 134
13430 67
14326 88
15332 76
16980 81
12968 94
13380 110
19602 38
15744 73
13726 115
16988 43
14472 86
10096 47
11198 139
13238 71
15282 68
10506 138
21044 70
14086 62
12412 76
13390 93
9916 96
18468 84
14614 51
17070 96
17628 83
14998 76
14928 85
13982 71
13264 60
15072 85
12314 38
16992 125
12412 87
21356 59
13662 46
13238 69
17126 71
17520 53
13848 64
14440 79
17064 55
13624 60
16294 73
11946 124
16264 66
13184 63
12062 118
11944 124
15912 210
14210 79
11402 109
12842 65
12492 53
12294 113
18308 54
17194 84
11248 114
13968 55
14688 88
17286 73
14096 149
18370 56
11248 77
15210 55
9552 108
23140 109
15478 85
15990 81
17222 105
15012 75
14658 178
15890 62
17850 64
15898 64
12310 131
16532 69
19470 79
10096 104
16856 49
13612 59
16168 68
18208 58
10506 156
12314 303
15078 170
15106 49
12246 87
15078 68
15624 117
19084 37
13238 90
19054 103
15320 68
12392 149
11670 105
11248 121
15210 59
14106 90
12284 64
14614 31
17890 110
14074 106
13238 66
18802 69
15326 77
14784 98
16214 101
19134 64
15228 62
15472 84
11302 84
15078 121
10214 108
13172 42
11370 51
12850 110
14468 79
10624 117
13726 296
12096 124
16240 125
14486 49
11944 114
12246 148
11592 139
14676 54
15936 59
12392 80
13322 76
16058 33
16240 71
14724 37
14132 71
12062 102
16488 123
12036 94
16718 88
14056 115
18242 87
17674 153
17018 97
16872 138
17232 135
12130 57
10624 110
11780 126
17674 100
14292 42
15324 39
22746 81
16064 120
13238 137
17214 85
15822 55
15402 106
11926 109
14688 89
14074 129
15578 32
15734 71
17628 82
20384 51
12412 109
18758 84
16030 38
16476 71
18096 75
12130 137
14966 65
12412 90
14816 47
13052 149
20754 83
9552 76
12314 100
20914 48
12246 90
14514 102
12314 123
11592 106
19196 63
17272 83
17644 82
12062 113
12096 86
18790 113
16152 95
11248 127
20786 61
19326 57
14658 60
17244 104
11944 115
16224 63
16976 68
17056 122
