96630 77 435 8187 138320 0.9666666666666667
95550 69 435 12068 134860 0.9
96450 50 435 6529 125250 0.9
95000 64 435 16352 136470 1
95150 57 435 12513 137720 0.8666666666666667
93150 91 435 13718 136320 0.9
92770 73 435 19119 137630 0.8
95090 72 435 11347 135400 1
94810 73 435 13736 140290 0.9
94400 56 435 9711 129090 0.9666666666666667
96760 63 435 13483 138530 1
95870 67 435 11198 139530 0.8333333333333334
96050 68 435 10844 139370 0.9666666666666667
95830 70 435 10224 139090 0.9666666666666667
94090 61 435 12807 126470 0.9666666666666667
95820 82 435 14932 138760 0.9333333333333333
97920 57 435 10536 129000 0.9333333333333333
97570 64 435 14040 133110 0.9333333333333333
96670 62 435 9038 130450 0.9666666666666667
94690 76 435 18667 136820 1
96460 77 435 7882 135410 0.9666666666666667
93000 76 435 13122 134500 0.8
96050 73 435 19959 136550 0.9666666666666667
94020 66 435 14156 128120 0.9333333333333333
95570 64 435 15141 136130 0.9666666666666667
95800 105 435 18199 139670 0.9666666666666667
94040 102 435 15146 138060 0.9666666666666667
96200 58 435 10222 128080 1
99980 50 435 8421 132120 1
96090 65 435 9514 134250 0.9333333333333333
96040 61 435 13842 131750 1
96990 70 435 13434 129910 0.9333333333333333
94100 77 435 10262 128970 1
94220 72 435 12720 138150 0.8333333333333334
94720 97 435 17576 138630 1
94480 79 435 14611 133110 0.9333333333333333
95720 72 435 10870 138440 1
94630 83 435 12503 135190 0.9333333333333333
95230 61 435 10167 135430 1
97570 87 435 10973 141790 0.8666666666666667
94720 66 435 12197 137630 0.9666666666666667
95430 74 435 12174 135700 0.9
98800 62 435 12473 134340 1
92600 83 435 17147 136410 0.9333333333333333
92450 66 435 12004 137120 0.8333333333333334
96330 59 435 14596 138060 1
94800 61 435 10307 124010 0.9666666666666667
94440 65 435 14384 128510 0.9
97080 70 435 12051 141370 0.9
97080 69 435 12915 141740 1
97860 57 435 7330 132800 1
94420 73 435 9862 130980 1
95040 68 435 13102 126560 1
97100 65 435 11089 136930 0.9666666666666667
96350 63 435 7693 137100 1
94120 60 435 14514 128590 0.9666666666666667
91970 67 435 14868 136050 0.9666666666666667
94230 81 435 8680 134830 1
97140 85 435 10261 140490 0.9666666666666667
95760 73 435 8460 136620 0.9333333333333333
92720 78 435 14442 134150 1
93970 61 435 12563 133430 0.9666666666666667
101010 49 435 6359 134560 1
93610 91 435 13899 139190 1
95350 87 435 13009 136880 0.9666666666666667
95720 88 435 12498 133760 1
91460 78 435 9960 130410 0.9
94370 60 435 8292 131470 1
96220 65 435 13217 126520 1
96140 76 435 11831 131320 1
93510 69 435 10850 138670 0.9
94720 76 435 8842 137870 0.9666666666666667
93110 91 435 15489 134550 0.8666666666666667
95610 84 435 13064 139960 0.9333333333333333
97050 81 435 12278 138730 0.9666666666666667
96910 71 435 9420 136400 1
97110 93 435 12027 139200 0.9333333333333333
96730 66 435 8642 144530 0.9666666666666667
95120 81 435 16811 141320 1
94060 69 435 13731 140090 1
95830 62 435 12889 125450 0.9666666666666667
94320 83 435 9274 141740 0.9666666666666667
94520 77 435 11247 140660 1
96700 57 435 8294 133420 0.8666666666666667
94560 78 435 11749 136930 1
94830 79 435 14420 137170 0.9666666666666667
95140 95 435 13705 142480 1
94780 70 435 15765 129940 1
96580 73 435 11627 133590 0.9666666666666667
97710 88 435 11475 142100 0.9333333333333333
93880 65 435 11536 127030 0.8666666666666667
94590 80 435 12980 140510 0.9333333333333333
94140 95 435 13529 143910 0.9666666666666667
99230 69 435 11054 142700 1
96900 76 435 10784 138650 1
96110 62 435 8520 136950 0.9666666666666667
96020 60 435 10790 129860 0.8666666666666667
93530 72 435 9790 132820 1
97010 77 435 11190 137660 1
94620 75 435 12634 142500 1
97530 60 435 7652 133850 1
100050 73 435 8733 143820 1
96610 76 435 10358 138120 1
95410 77 435 14741 136830 0.9333333333333333
97490 71 435 10450 132740 0.9666666666666667
95130 69 435 12820 124450 0.9666666666666667
90860 92 435 16176 129960 0.8
94400 71 435 9482 130450 0.9
97360 52 435 10089 130380 0.9
94970 71 435 8977 131250 0.9333333333333333
96670 78 435 12164 132660 1
95670 81 435 12473 143680 1
97070 53 435 9063 138830 0.9666666666666667
93460 71 435 18724 130760 1
97900 52 435 7995 138000 0.9333333333333333
97560 79 435 9590 143850 0.8333333333333334
96740 73 435 12174 133100 1
94940 71 435 8819 138790 0.9
92170 62 435 9026 134210 0.9666666666666667
95720 57 435 8774 124080 0.9333333333333333
92600 80 435 14221 134860 0.8666666666666667
95300 76 435 10588 134770 0.9666666666666667
95830 74 435 12974 130500 1
96250 78 435 7419 139670 0.8
93030 68 435 14479 132440 0.9666666666666667
98130 56 435 8829 128080 0.9
93830 64 435 13473 133130 1
99890 75 435 10094 140990 0.9666666666666667
91860 68 435 13478 129800 0.9333333333333333
96320 83 435 12302 138730 0.9666666666666667
98580 54 435 8062 133320 0.8666666666666667
96470 55 435 9757 130100 0.9333333333333333
95220 56 435 8190 130580 0.8666666666666667
97240 58 435 6520 125900 1
96940 61 435 10411 135260 1
93690 63 435 11783 128800 0.8666666666666667
98670 62 435 10159 137190 0.8666666666666667
93970 80 435 15782 137160 0.9666666666666667
95050 69 435 7852 137830 0.8666666666666667
96990 62 435 10017 138360 0.9666666666666667
97890 69 435 10916 130010 1
99530 70 435 8548 136820 1
96940 58 435 9764 133070 1
92680 65 435 12342 136090 0.9333333333333333
96330 53 435 8036 133810 0.8
95260 48 435 8180 126460 1
96820 74 435 10567 128130 1
99160 64 435 8269 134000 0.9
96880 95 435 18654 142160 1
95910 55 435 10457 137950 0.9333333333333333
95170 73 435 10768 136240 1
95330 63 435 9383 132780 1
94050 67 435 12971 129960 0.9666666666666667
92490 87 435 13608 138460 1
94920 65 435 9447 133620 1
94950 66 435 12216 129450 0.9666666666666667
96930 46 435 8172 128420 1
95800 77 435 8439 139170 0.9666666666666667
92490 71 435 10092 132940 1
95170 93 435 16760 139450 0.9
97040 59 435 13335 130770 0.9666666666666667
98260 55 435 8526 134550 0.9666666666666667
94890 74 435 19350 137800 1
97980 61 435 7544 133980 0.9333333333333333
96950 59 435 14889 132260 1
96530 53 435 10971 126480 0.9333333333333333
94710 84 435 11855 133140 0.9666666666666667
92760 91 435 15218 142260 1
93660 101 435 15437 140310 0.9666666666666667
94540 60 435 12933 138430 0.8666666666666667
96820 75 435 11529 141540 1
96890 50 435 12091 121400 0.9
95080 83 435 9895 137120 0.9333333333333333
98520 68 435 7243 131740 1
96720 75 435 7704 141950 0.9333333333333333
95600 66 435 14203 130350 1
92560 62 435 10005 132920 0.9666666666666667
93010 81 435 19496 137660 1
97460 64 435 8943 130120 0.9
97450 72 435 13312 135160 1
97980 68 435 15177 137850 0.9666666666666667
98350 68 435 10563 135530 1
96620 63 435 10206 135730 0.9333333333333333
93440 67 435 10014 128650 1
93970 73 435 10277 135810 0.9666666666666667
98120 65 435 9673 135060 0.9333333333333333
95820 68 435 10116 139590 0.9666666666666667
95320 62 435 11077 129270 0.9666666666666667
93900 73 435 9693 126660 0.8333333333333334
98930 63 435 7502 141240 0.8666666666666667
93070 77 435 23934 139000 1
96580 73 435 13706 136340 0.9
95030 65 435 11764 132430 1
95380 71 435 12361 137230 1
96700 75 435 13899 139130 0.9666666666666667
95880 90 435 12111 142790 1
99040 47 435 7193 128610 1
92920 73 435 10313 135580 0.9
92490 88 435 18138 133490 0.9666666666666667
95650 66 435 11454 133860 0.9333333333333333
94450 54 435 12344 131920 0.9666666666666667
94700 63 435 13187 134050 1
93720 69 435 11333 134120 0.9333333333333333
95520 69 435 11534 129860 0.8666666666666667
93850 65 435 12832 130840 1
95730 74 435 10299 136420 1
93220 75 435 10897 135180 0.9666666666666667
97750 46 435 8698 136170 1
96200 64 435 9777 135080 0.9333333333333333
95130 64 435 11967 135310 1
94450 76 435 12624 131520 0.9
95170 76 435 13973 134770 1
94330 49 435 13910 123090 0.8333333333333334
94080 60 435 11990 129200 0.9666666666666667
94630 79 435 11508 137840 1
94870 70 435 11394 136010 0.9666666666666667
94470 66 435 13075 131930 1
91500 97 435 17040 140290 0.8
92790 85 435 13125 136570 1
94880 67 435 10994 127600 0.8
98250 38 435 8672 121930 1
94470 64 435 9189 133720 0.9666666666666667
92370 83 435 16713 135840 0.9333333333333333
96540 70 435 12952 135670 0.9666666666666667
97640 61 435 9898 139640 1
95990 70 435 12023 130730 0.9333333333333333
91460 79 435 12352 134340 0.9333333333333333
96150 58 435 9053 129520 0.9666666666666667
95400 57 435 12238 130230 0.9666666666666667
91680 72 435 12325 135240 0.9
94750 78 435 17762 138770 0.9333333333333333
94400 76 435 13387 136290 0.8
95560 59 435 13213 134570 0.7333333333333333
91670 76 435 13058 142290 0.8666666666666667
95570 61 435 9040 127500 1
95900 72 435 12806 140670 0.8333333333333334
95300 46 435 9636 121070 0.8
95840 82 435 11480 139350 0.8666666666666667
95350 52 435 8538 128480 0.9666666666666667
93490 55 435 9016 126960 0.8333333333333334
94420 70 435 14235 127960 0.9666666666666667
96770 82 435 14499 135240 0.9
98690 83 435 19581 138130 0.9666666666666667
97030 70 435 8654 139290 1
97860 56 435 8147 129070 0.9333333333333333
95690 45 435 8946 125730 1
95240 74 435 15943 131260 0.9333333333333333
92200 90 435 20713 136650 1
94780 74 435 12438 136810 0.9666666666666667
97990 62 435 12216 133950 0.9333333333333333
93300 82 435 15511 136030 1
96700 74 435 12070 134960 0.9666666666666667
95000 92 435 16492 145220 0.9
95850 66 435 16238 133560 1
90770 61 435 14923 129530 0.8666666666666667
97930 61 435 9903 138570 0.8666666666666667
93060 83 435 15665 131550 0.9
94640 73 435 14277 135260 0.8666666666666667
94700 61 435 11563 129430 0.9333333333333333
92260 77 435 13068 133420 0.9
96770 59 435 25785 134070 0.8333333333333334
93750 56 435 10780 130220 1
97250 61 435 16011 134750 0.9666666666666667
97270 62 435 13182 137460 0.9666666666666667
98710 52 435 7094 133780 0.9666666666666667
99060 81 435 7807 141970 1
100550 76 435 13720 139720 1
95960 56 435 8637 131570 0.9666666666666667
97320 78 435 11046 135860 0.9666666666666667
93910 85 435 17694 138580 1
99420 56 435 10849 134600 0.9
96690 60 435 10961 138400 1
98170 68 435 11440 135220 1
95550 63 435 11786 129320 0.9666666666666667
95660 71 435 11128 141640 0.9
99640 60 435 6342 128590 0.9666666666666667
98760 70 435 9512 139260 1
96800 66 435 11387 135950 1
95470 63 435 11896 130990 0.9
92520 85 435 17520 132660 0.6666666666666666
97040 76 435 14361 136300 1
97730 67 435 8993 136160 1
96250 71 435 10220 136630 0.9333333333333333
95540 67 435 10273 135650 0.9666666666666667
94860 76 435 17301 133090 1
93860 86 435 18900 142360 0.9
97150 61 435 12061 135840 0.9
95460 67 435 20724 137870 0.9666666666666667
101760 58 435 11884 134010 1
96980 86 435 14003 141480 1
97640 75 435 16648 135760 1
93610 69 435 11184 136030 1
91260 96 435 21103 140760 0.8666666666666667
94890 73 435 19047 136760 1
94150 78 435 13743 131820 0.9666666666666667
96280 69 435 9543 141280 0.9666666666666667
98250 66 435 8917 133430 0.9333333333333333
94520 65 435 16779 132680 0.9666666666666667
96190 79 435 13902 138600 0.9666666666666667
96260 61 435 6944 138110 0.9333333333333333
