171496 138 2415 471941 173628 1
171333 149 2415 429210 173578 1
171260 173 2415 718258 173874 0.9857142857142858
171465 138 2415 380976 173569 0.9714285714285714
171285 159 2415 424758 173992 1
171322 164 2415 522284 174102 0.9857142857142858
171337 153 2415 509879 173755 0.9857142857142858
171448 133 2415 382419 173744 0.9857142857142858
171476 153 2415 495628 173796 0.9857142857142858
171412 159 2415 484817 173897 0.9857142857142858
171320 119 2415 449175 173602 1
171356 176 2415 468949 174085 1
171266 149 2415 509217 173665 0.9857142857142858
171338 150 2415 479466 173980 0.9857142857142858
171365 119 2415 536294 173390 1
171364 139 2415 534860 173976 1
171486 151 2415 456434 173977 1
171278 149 2415 496416 173815 0.9857142857142858
171310 152 2415 678987 173723 0.9857142857142858
171412 147 2415 482306 173935 1
171281 153 2415 529498 173912 0.9857142857142858
171348 142 2415 398684 174056 1
171388 140 2415 560173 173587 1
171321 185 2415 604231 173941 1
171434 137 2415 332135 173835 1
171433 136 2415 493439 173710 1
171221 160 2415 531577 173852 0.9857142857142858
171254 132 2415 467535 173447 0.9857142857142858
171395 163 2415 557465 173837 1
171406 142 2415 552378 173509 0.9428571428571428
171341 134 2415 376564 173724 0.9857142857142858
171456 164 2415 579076 174136 0.9857142857142858
171259 141 2415 448352 173444 0.9714285714285714
171318 148 2415 639920 173784 0.9571428571428572
171411 142 2415 445767 173764 0.9857142857142858
171259 160 2415 570505 173835 0.9285714285714286
171438 164 2415 496635 173742 1
171499 124 2415 260461 173722 1
171359 155 2415 447065 173740 1
171557 142 2415 255239 174036 0.9857142857142858
171297 126 2415 429358 173763 1
171274 164 2415 694182 173696 0.9428571428571428
171480 146 2415 415440 173776 0.9857142857142858
171301 147 2415 643564 173641 0.9285714285714286
171363 169 2415 572552 173873 0.9714285714285714
171325 152 2415 432173 173598 1
171537 108 2415 426709 173524 0.9857142857142858
171346 184 2415 519132 173978 0.9857142857142858
171308 146 2415 353937 173966 0.9714285714285714
171312 142 2415 526270 173617 1
171252 144 2415 630699 173887 0.9857142857142858
171432 141 2415 432663 173723 1
171390 134 2415 455357 173469 0.9857142857142858
171453 147 2415 326626 173984 1
171345 128 2415 615304 173557 1
171440 135 2415 270515 173810 0.9714285714285714
171360 150 2415 519935 173995 0.9714285714285714
171462 124 2415 284074 173772 1
171246 146 2415 520962 173901 0.9714285714285714
171282 159 2415 771607 173522 1
171462 128 2415 352387 173872 0.9857142857142858
171379 153 2415 388268 173720 0.9857142857142858
171452 121 2415 315301 173512 1
171424 155 2415 630765 173535 1
171304 154 2415 713861 173430 1
171250 172 2415 485636 173562 0.9714285714285714
171378 121 2415 308030 173763 0.9571428571428572
171312 155 2415 582608 173753 0.9857142857142858
171463 150 2415 339647 173826 0.9857142857142858
171372 138 2415 416153 173924 0.9714285714285714
171519 135 2415 410785 173767 1
171286 146 2415 527228 173977 0.9428571428571428
171386 144 2415 539260 173922 0.9857142857142858
171430 117 2415 418003 173588 0.9857142857142858
171494 123 2415 484101 173710 0.9857142857142858
171411 151 2415 528735 173712 0.9714285714285714
171201 145 2415 531451 173766 0.9428571428571428
171438 145 2415 499398 173735 0.9714285714285714
171287 121 2415 502898 173713 0.9571428571428572
171472 129 2415 286203 173740 0.9857142857142858
171386 164 2415 555472 173903 0.9857142857142858
171488 147 2415 332825 173705 0.9857142857142858
171357 160 2415 484987 173879 0.9714285714285714
171469 154 2415 550718 173893 0.9857142857142858
171405 145 2415 464601 173852 0.9714285714285714
171210 149 2415 837154 173542 1
171356 146 2415 467912 173605 1
171599 113 2415 233867 173608 0.9857142857142858
171344 166 2415 420475 173951 0.9857142857142858
171339 154 2415 524607 173770 0.9714285714285714
171525 148 2415 448489 173712 0.9857142857142858
171348 164 2415 572713 173832 0.9857142857142858
171194 145 2415 457695 173800 0.9857142857142858
171512 130 2415 361907 173775 1
171353 131 2415 256288 173679 1
171452 127 2415 431352 173584 1
171387 124 2415 254981 173767 0.9714285714285714
171259 160 2415 886069 173744 0.9714285714285714
171459 130 2415 567252 173805 0.9714285714285714
171370 144 2415 513214 173518 0.9571428571428572
171325 168 2415 523016 174118 1
171343 129 2415 414605 173447 0.9714285714285714
171428 133 2415 441948 173739 0.9857142857142858
171654 116 2415 195736 173730 0.9857142857142858
171341 137 2415 540796 173636 1
171323 140 2415 416691 173885 1
171314 156 2415 528673 173881 0.9714285714285714
171449 131 2415 321164 173736 0.9714285714285714
171376 146 2415 396829 173731 0.9714285714285714
171468 164 2415 442210 173880 1
171393 147 2415 507584 173509 1
171338 138 2415 451077 173623 0.9857142857142858
171358 119 2415 730837 173462 1
171401 148 2415 394534 173662 0.9857142857142858
171387 153 2415 659525 174069 0.9571428571428572
171406 134 2415 389538 173730 1
171272 149 2415 792026 173851 0.9857142857142858
171332 150 2415 498618 174042 1
171451 133 2415 351254 173838 1
171305 156 2415 763079 173615 0.9571428571428572
171434 152 2415 487684 174174 1
171408 144 2415 551916 173854 0.9857142857142858
171343 150 2415 611880 173749 0.9857142857142858
171288 156 2415 562130 173773 1
171334 160 2415 485920 174059 1
171403 140 2415 533261 173626 0.9857142857142858
171340 134 2415 647026 173620 0.9428571428571428
171472 157 2415 460070 173927 0.9857142857142858
171279 149 2415 523186 173764 1
171304 151 2415 509775 173823 0.9714285714285714
171256 137 2415 690377 173544 1
171260 147 2415 461487 173798 0.9571428571428572
171278 143 2415 744691 173774 1
171312 166 2415 490423 173872 0.9857142857142858
171184 160 2415 764555 173715 0.9428571428571428
171417 145 2415 546013 173506 1
171220 159 2415 680095 173705 1
171425 128 2415 531722 173773 0.9571428571428572
171350 119 2415 370066 173583 0.9571428571428572
171489 147 2415 479891 174017 0.9857142857142858
171449 135 2415 363822 173797 0.9857142857142858
171429 143 2415 511171 173749 1
171406 138 2415 464184 173910 0.9428571428571428
171387 144 2415 350152 173923 0.9428571428571428
171470 142 2415 369586 173931 1
171402 147 2415 436794 173657 0.9857142857142858
171362 149 2415 709322 173680 1
171445 130 2415 383172 173656 0.9857142857142858
171230 151 2415 707308 173607 1
171404 154 2415 458170 173727 1
171350 150 2415 387992 173860 0.9857142857142858
171366 138 2415 553232 173812 1
171394 147 2415 517266 173747 0.9857142857142858
171343 150 2415 639052 173744 0.9428571428571428
171561 138 2415 264412 173635 1
171484 113 2415 270441 173745 1
171303 140 2415 393036 173527 0.9857142857142858
171238 147 2415 591108 173623 0.9857142857142858
171400 146 2415 732001 173885 1
171356 161 2415 484315 173647 0.9857142857142858
171263 146 2415 573390 173803 1
171251 161 2415 634039 173903 0.9857142857142858
171496 132 2415 365735 173781 0.9571428571428572
171367 129 2415 410930 173632 0.9428571428571428
171352 152 2415 674095 173830 1
171174 145 2415 596119 173513 0.9142857142857143
171477 142 2415 353499 173776 1
171470 110 2415 282655 173555 0.9285714285714286
171376 116 2415 561513 173503 0.9285714285714286
171294 128 2415 505348 173479 0.9857142857142858
171281 172 2415 385543 174487 1
171477 153 2415 295518 173939 0.9857142857142858
171310 165 2415 395291 173961 1
171418 147 2415 482188 173948 0.9714285714285714
171432 143 2415 255558 173856 1
171210 152 2415 599723 173873 1
171380 125 2415 437097 173464 1
171463 146 2415 406953 173880 1
171310 148 2415 564919 173840 0.9857142857142858
171348 154 2415 482404 174017 0.9714285714285714
171334 150 2415 497282 173756 1
171279 153 2415 488913 173698 1
171465 131 2415 384246 173839 0.9857142857142858
171315 161 2415 535124 173883 0.9857142857142858
171466 143 2415 374924 173677 0.9857142857142858
171251 150 2415 536941 173579 0.9857142857142858
171278 166 2415 613873 174089 0.9857142857142858
171472 137 2415 395079 173557 1
171463 117 2415 467626 173397 0.9857142857142858
171362 132 2415 657113 173771 0.9857142857142858
171420 138 2415 446222 173834 0.9857142857142858
171345 135 2415 505990 173667 1
171339 138 2415 608036 173600 0.9857142857142858
171318 145 2415 439904 173707 1
171290 135 2415 591896 174027 0.9714285714285714
171445 129 2415 495502 173907 0.9857142857142858
171606 119 2415 453801 173664 0.9857142857142858
171416 163 2415 535468 173742 0.9571428571428572
171389 137 2415 255645 173822 0.9857142857142858
171412 153 2415 411667 173827 0.9857142857142858
171427 148 2415 278222 173715 0.9857142857142858
171328 113 2415 600402 173489 0.9714285714285714
171511 137 2415 350861 173775 0.9857142857142858
171283 162 2415 530078 173588 1
171368 133 2415 355523 173719 0.9857142857142858
171406 142 2415 284545 173892 0.9857142857142858
171319 151 2415 439451 173758 0.9857142857142858
171432 126 2415 456865 173706 0.9857142857142858
171349 172 2415 561994 174080 1
171450 157 2415 271378 173947 0.9714285714285714
171320 163 2415 441079 173720 0.9857142857142858
171329 137 2415 420858 173876 0.9285714285714286
171316 142 2415 530337 173629 0.9857142857142858
171280 149 2415 483607 174032 1
171455 126 2415 470108 173611 0.9571428571428572
171375 130 2415 498450 173703 0.9857142857142858
171374 141 2415 528332 173509 0.9857142857142858
171376 146 2415 641801 173458 1
171314 136 2415 367568 173487 0.9571428571428572
171470 136 2415 317753 173786 0.9714285714285714
171423 133 2415 475853 173647 0.9857142857142858
171257 163 2415 635470 173711 0.9857142857142858
171378 153 2415 672469 173589 0.9571428571428572
171455 150 2415 479686 173754 0.9285714285714286
171361 131 2415 486379 173573 0.9857142857142858
171388 169 2415 453186 174173 0.9857142857142858
171354 132 2415 489297 173617 0.9285714285714286
171435 147 2415 373718 173988 0.9857142857142858
171369 156 2415 612460 173904 0.9714285714285714
171464 126 2415 713584 173589 1
171669 119 2415 236932 173824 0.9571428571428572
171228 149 2415 681457 173853 0.9857142857142858
171528 147 2415 587012 173788 1
171371 166 2415 648946 173616 1
171366 147 2415 547504 173755 1
171286 163 2415 386001 174047 0.9714285714285714
171548 136 2415 333589 173796 1
171250 156 2415 567477 173816 0.9857142857142858
171523 138 2415 323136 173855 0.9857142857142858
171451 133 2415 422487 173890 1
171411 141 2415 344564 173807 0.9714285714285714
171317 164 2415 564079 174100 0.9857142857142858
171273 171 2415 545317 173942 0.9857142857142858
171364 139 2415 700214 173811 0.9857142857142858
171268 156 2415 543425 173718 0.9857142857142858
171497 115 2415 343485 173712 0.9857142857142858
171403 133 2415 461128 173594 0.9857142857142858
171420 128 2415 441309 173991 0.9857142857142858
171418 130 2415 608819 173645 0.9857142857142858
171216 146 2415 571645 173669 1
171397 129 2415 446170 173632 0.9714285714285714
171390 169 2415 602796 173792 0.9571428571428572
171534 117 2415 219620 173758 0.9714285714285714
171415 134 2415 428057 173685 0.9714285714285714
171424 148 2415 508301 173826 0.9857142857142858
171496 138 2415 326103 173877 0.9857142857142858
171403 164 2415 405630 173769 0.9857142857142858
171192 172 2415 647947 173764 1
171312 173 2415 735316 173888 0.9857142857142858
171343 128 2415 420508 173586 0.9714285714285714
171348 133 2415 526189 173635 0.9714285714285714
171356 150 2415 394745 173921 0.9857142857142858
171344 144 2415 884060 173617 1
171336 150 2415 715953 174164 0.9428571428571428
171341 167 2415 716069 173954 0.9857142857142858
171324 140 2415 346629 173778 0.9857142857142858
171546 116 2415 294356 173623 1
171463 125 2415 396776 173771 1
171337 147 2415 567314 173598 0.9428571428571428
171445 168 2415 496073 174147 1
171561 134 2415 354692 173681 0.9857142857142858
171231 174 2415 537830 173791 0.9571428571428572
171391 163 2415 672461 173990 0.9571428571428572
171468 111 2415 347186 173559 1
171314 141 2415 348836 174076 0.9857142857142858
171481 116 2415 288561 173753 1
171496 130 2415 382412 173835 0.9714285714285714
171416 131 2415 320256 173894 0.9857142857142858
171454 128 2415 412952 173634 1
171333 143 2415 518415 173857 0.9857142857142858
171306 163 2415 593677 173568 0.9857142857142858
171341 160 2415 427118 173702 0.9714285714285714
171356 134 2415 500194 173539 0.9142857142857143
171398 154 2415 507513 173866 0.9714285714285714
171404 130 2415 476587 173789 0.9857142857142858
171291 133 2415 486002 173647 0.9857142857142858
171354 181 2415 622782 174069 0.9857142857142858
171374 151 2415 439972 173562 0.9857142857142858
171476 122 2415 474805 173552 1
171436 141 2415 609992 173834 0.9571428571428572
171229 151 2415 604681 173832 1
171307 156 2415 500293 173770 1
171276 159 2415 416482 173806 1
171455 151 2415 387332 173698 0.9857142857142858
171374 158 2415 480397 173891 1
171374 176 2415 645452 173934 0.9571428571428572
171353 157 2415 456323 173828 0.9714285714285714
171396 143 2415 616814 173599 1
171482 145 2415 334889 173861 0.9571428571428572
171361 145 2415 384793 173924 1
