108425 112 1770 251759 110158 1
108281 123 1770 256459 110098 0.95
108462 117 1770 264712 110148 0.9833333333333333
108391 105 1770 213115 110070 0.9666666666666667
108313 123 1770 334193 110183 0.9666666666666667
108335 137 1770 289631 110076 0.95
108390 111 1770 156971 110075 1
108355 104 1770 189621 109900 0.9333333333333333
108359 137 1770 336360 110148 1
108295 98 1770 267012 109761 0.9833333333333333
108430 121 1770 362409 109868 0.9833333333333333
108445 108 1770 251525 110058 0.9833333333333333
108388 135 1770 189043 110207 1
108424 102 1770 236427 110115 1
108444 101 1770 139435 110034 1
108348 109 1770 196138 109993 1
108407 100 1770 149111 109945 0.9666666666666667
108310 144 1770 345224 110128 0.9666666666666667
108343 121 1770 289166 110342 0.9666666666666667
108370 126 1770 176942 110172 1
108423 110 1770 140999 110129 0.9666666666666667
108463 102 1770 130875 110210 0.9833333333333333
108510 108 1770 194792 110045 1
108395 116 1770 226520 109974 0.9666666666666667
108294 107 1770 233843 109935 1
108430 94 1770 218419 110000 0.9666666666666667
108317 110 1770 233477 109905 0.95
108323 128 1770 269639 110154 0.9833333333333333
108499 106 1770 208512 109967 1
108392 114 1770 220670 109831 0.9833333333333333
108441 106 1770 217795 110140 1
108318 111 1770 204849 109938 0.95
108462 117 1770 254059 110103 1
108386 111 1770 223541 110364 0.9833333333333333
108401 114 1770 233864 110095 1
108425 101 1770 294545 110250 0.9666666666666667
108300 142 1770 230484 110250 0.9666666666666667
108355 114 1770 390214 110000 0.9833333333333333
108406 103 1770 171476 110165 0.9833333333333333
108377 118 1770 288199 110243 1
108426 116 1770 198619 110324 0.9666666666666667
108332 119 1770 353153 110087 0.9666666666666667
108356 106 1770 177818 110113 1
108308 139 1770 286671 110337 0.9666666666666667
108349 105 1770 246290 110139 0.9833333333333333
108396 108 1770 215312 110127 0.95
108216 147 1770 375937 110216 1
108372 124 1770 288506 110138 1
108298 122 1770 334520 110069 0.9833333333333333
108439 116 1770 116950 110390 0.9833333333333333
108376 104 1770 158204 109948 0.9833333333333333
108398 113 1770 225335 110031 0.9833333333333333
108456 113 1770 167952 110099 0.9833333333333333
108379 120 1770 213847 110025 1
108335 117 1770 248454 110246 1
108412 126 1770 234831 110231 0.9833333333333333
108267 130 1770 252545 110043 0.95
108300 132 1770 233692 110204 0.95
108464 98 1770 256212 109991 0.9166666666666666
108411 103 1770 211793 110147 1
108270 117 1770 333770 110042 0.9333333333333333
108407 96 1770 104735 109960 0.9666666666666667
108451 91 1770 159799 110038 0.9166666666666666
108326 102 1770 192228 109801 1
108450 102 1770 224194 109943 0.9666666666666667
108421 106 1770 185516 110229 0.9833333333333333
108400 110 1770 241349 110095 0.95
108373 120 1770 183447 110172 0.95
108378 121 1770 256620 109994 0.9833333333333333
108450 108 1770 189884 110098 1
108382 115 1770 281973 109834 1
108393 107 1770 198843 110010 0.95
108444 108 1770 209448 110149 1
108327 119 1770 236775 110156 0.9
108363 120 1770 192049 110185 0.9666666666666667
108360 101 1770 230834 109928 0.95
108341 128 1770 310663 110032 0.9833333333333333
108419 118 1770 170278 109985 0.9833333333333333
108315 131 1770 241338 110127 0.95
108376 128 1770 330214 110101 1
108195 135 1770 263148 109967 0.9833333333333333
108357 130 1770 248873 110215 0.9833333333333333
108288 123 1770 245326 109954 1
108374 102 1770 189729 109926 0.9666666666666667
108485 110 1770 176883 110281 0.9833333333333333
108439 120 1770 155347 110170 1
108375 136 1770 278235 110265 0.9833333333333333
108371 130 1770 175103 110128 0.9333333333333333
108323 100 1770 268954 110153 0.9833333333333333
108414 117 1770 156837 110176 0.95
108311 110 1770 345885 109891 1
108320 122 1770 273591 110302 0.95
108488 121 1770 156570 110164 1
108289 102 1770 286435 109869 1
108321 121 1770 210129 110101 0.9833333333333333
108287 120 1770 269294 110195 0.9166666666666666
108508 112 1770 218708 110129 0.9833333333333333
108398 109 1770 155020 110014 1
108524 103 1770 107753 110167 0.9833333333333333
108350 127 1770 239809 110450 0.9666666666666667
108241 143 1770 296733 110101 1
108372 139 1770 266867 110354 0.9833333333333333
108505 109 1770 159126 110140 0.9666666666666667
108444 110 1770 176845 110174 1
108434 113 1770 257255 110100 0.95
108319 119 1770 207926 110254 0.9833333333333333
108468 112 1770 249480 110216 1
108392 109 1770 208831 110075 0.9833333333333333
108362 115 1770 198829 110151 0.9833333333333333
108361 138 1770 290476 110360 1
108441 111 1770 225221 110286 1
108308 142 1770 274281 110385 0.9833333333333333
108302 114 1770 253126 110024 1
108371 106 1770 145638 110048 1
108394 124 1770 220410 110279 0.9833333333333333
108306 134 1770 240998 110101 0.9666666666666667
108407 113 1770 202189 110145 1
108360 108 1770 135502 110051 0.9833333333333333
108390 136 1770 194610 110144 0.9833333333333333
108526 102 1770 131151 110288 0.9833333333333333
108335 137 1770 231989 110260 0.9833333333333333
108404 112 1770 195726 110389 0.9833333333333333
108355 124 1770 276421 110261 0.9833333333333333
108466 109 1770 179248 110016 1
108379 147 1770 276708 110283 1
108303 140 1770 332507 110236 0.95
108396 124 1770 254426 110137 1
108360 116 1770 167190 109878 1
108460 119 1770 208017 110040 0.9166666666666666
108371 108 1770 212851 109952 0.9666666666666667
108261 123 1770 285556 110121 0.9833333333333333
108364 109 1770 230821 110015 0.9833333333333333
108404 108 1770 176242 110053 0.9833333333333333
108345 142 1770 252138 110223 0.9833333333333333
108329 109 1770 179241 109946 0.9833333333333333
108463 125 1770 182201 110288 0.9666666666666667
108391 120 1770 177536 110067 1
108304 123 1770 275186 110193 0.9666666666666667
108424 113 1770 171819 109953 1
108464 112 1770 127557 110083 0.9166666666666666
108377 116 1770 244858 110003 0.9833333333333333
108406 109 1770 244861 110097 1
108394 110 1770 217329 109979 0.9666666666666667
108286 122 1770 212257 109989 0.9666666666666667
108431 98 1770 186284 110147 0.9333333333333333
108363 106 1770 192108 109997 0.95
108394 113 1770 135006 110240 1
108415 115 1770 157678 110205 1
108496 119 1770 166162 110053 0.9666666666666667
108259 119 1770 284003 110163 1
108445 104 1770 122326 110051 0.9166666666666666
108440 117 1770 171116 110299 1
108434 121 1770 180397 110202 0.9833333333333333
108369 123 1770 236100 110094 0.9833333333333333
108430 100 1770 201524 110039 1
108263 128 1770 228989 110100 0.9333333333333333
108361 118 1770 145764 110123 0.9666666666666667
108465 122 1770 184919 110239 1
108374 136 1770 292573 110324 0.9833333333333333
108383 118 1770 196216 110164 0.9833333333333333
108488 127 1770 172182 110195 1
108385 120 1770 195200 110028 0.9666666666666667
108485 132 1770 296074 110116 1
108438 101 1770 226411 109752 0.95
108442 127 1770 266821 110224 0.9833333333333333
108367 106 1770 148794 109965 1
108379 92 1770 123087 110074 0.9666666666666667
108282 133 1770 299077 110116 0.9833333333333333
108367 142 1770 339664 110085 0.9666666666666667
108346 116 1770 194998 109923 0.9833333333333333
108441 100 1770 108158 110058 1
108413 100 1770 175876 110205 0.9833333333333333
108350 142 1770 305730 110207 0.9833333333333333
108355 102 1770 277889 109992 1
108473 103 1770 194027 110028 0.9333333333333333
108319 123 1770 227312 109968 1
108327 123 1770 290653 110152 0.9833333333333333
108290 131 1770 226519 110313 0.9666666666666667
108403 90 1770 181519 109813 0.9666666666666667
108305 103 1770 273215 110007 1
108395 125 1770 275944 110228 1
108337 112 1770 244017 110190 0.9333333333333333
108408 95 1770 207418 109924 0.9833333333333333
108297 119 1770 240686 110090 0.9833333333333333
108317 123 1770 202170 110288 1
108449 117 1770 163825 110153 0.9333333333333333
108374 135 1770 171724 110283 1
108317 141 1770 211353 110257 0.9833333333333333
108353 106 1770 301803 110034 0.9833333333333333
108466 122 1770 249158 109830 1
108397 116 1770 198671 110166 0.9833333333333333
108454 129 1770 217177 110485 1
108398 102 1770 201057 110212 0.9666666666666667
108425 98 1770 275625 109930 0.9833333333333333
108459 129 1770 278615 110068 1
108280 116 1770 428809 110041 0.95
108454 122 1770 174181 110156 0.9833333333333333
108394 106 1770 226841 110080 1
108348 135 1770 315686 110299 1
108302 126 1770 256378 110041 1
108319 138 1770 195069 110093 0.9833333333333333
108291 143 1770 193617 110296 0.9833333333333333
108401 115 1770 197064 110088 0.9833333333333333
108323 108 1770 368302 110043 1
108440 105 1770 230118 110104 0.9833333333333333
108440 109 1770 173543 110009 1
108391 94 1770 280385 109976 0.9666666666666667
108412 118 1770 218768 109932 1
108309 123 1770 334780 110063 0.9833333333333333
108419 110 1770 159593 109960 1
108396 106 1770 178087 110247 1
108317 116 1770 300297 110185 1
108314 117 1770 249719 110196 1
108453 107 1770 148955 110115 0.9833333333333333
108481 110 1770 223187 109934 1
108508 108 1770 216777 110033 0.9833333333333333
108369 132 1770 302866 110102 0.9666666666666667
108314 109 1770 286032 109948 1
108301 130 1770 320479 110180 0.9833333333333333
108438 114 1770 172914 110177 0.9833333333333333
108292 144 1770 373689 110259 0.9666666666666667
108435 116 1770 206029 110164 0.9833333333333333
108466 114 1770 169358 110079 0.9666666666666667
108288 137 1770 292178 110150 0.9833333333333333
108393 129 1770 366479 110054 0.9833333333333333
108475 106 1770 233304 110183 1
108368 102 1770 193925 110021 1
108431 95 1770 219128 109959 1
108389 109 1770 186612 110051 0.9666666666666667
108422 119 1770 288218 110216 1
108434 112 1770 231844 110310 1
108312 116 1770 257287 110094 0.9833333333333333
108433 95 1770 143953 110007 0.9833333333333333
108466 111 1770 195246 110098 0.9833333333333333
108300 102 1770 256968 110010 1
108406 102 1770 184990 109973 0.9833333333333333
108322 131 1770 311033 110023 1
108437 96 1770 177280 109919 0.95
108506 105 1770 182396 110028 0.9833333333333333
108424 102 1770 186006 110094 0.9
108399 103 1770 190724 110004 0.9833333333333333
108466 121 1770 194430 110157 0.9833333333333333
108337 110 1770 258103 110106 0.8666666666666667
108477 102 1770 214110 110037 0.9666666666666667
108345 116 1770 321027 110064 0.9833333333333333
108440 118 1770 258560 110111 1
108445 120 1770 186679 110252 1
108443 101 1770 161947 110015 1
108371 121 1770 281853 110072 0.9666666666666667
108386 122 1770 240234 110160 0.9833333333333333
108414 111 1770 143812 110168 1
108384 92 1770 201199 109906 0.9833333333333333
108489 107 1770 135264 110287 0.9666666666666667
108474 115 1770 164506 110384 0.9333333333333333
108484 121 1770 270325 110311 1
108321 113 1770 296152 109719 0.9833333333333333
108383 123 1770 352011 110087 1
108338 130 1770 365327 110072 0.9833333333333333
108381 130 1770 301477 110256 1
108343 126 1770 292226 110059 0.9833333333333333
108450 122 1770 213328 110134 1
108439 100 1770 198050 110022 1
108368 117 1770 221717 110089 0.9833333333333333
108231 136 1770 302109 109982 0.95
108417 107 1770 185424 110026 1
108334 103 1770 367218 109947 1
108397 118 1770 225124 110118 0.95
108362 121 1770 212728 110001 0.9833333333333333
108367 135 1770 322527 110124 0.95
108427 121 1770 256473 110032 0.9833333333333333
108304 125 1770 310904 110033 0.9833333333333333
108424 95 1770 173381 109941 1
108347 128 1770 206460 110232 1
108377 110 1770 279299 109920 0.9833333333333333
108496 82 1770 130437 109803 0.9833333333333333
108453 114 1770 212538 110218 0.9833333333333333
108325 109 1770 289480 110212 1
108326 124 1770 249614 110216 0.9666666666666667
108357 150 1770 274256 110215 1
108296 111 1770 261510 109928 0.9666666666666667
108469 107 1770 299514 109980 0.9833333333333333
108338 126 1770 283181 109959 0.9833333333333333
108401 118 1770 215703 110171 1
108300 154 1770 396343 110153 1
108361 120 1770 142026 110046 0.9833333333333333
108346 114 1770 162848 110125 0.9833333333333333
108509 122 1770 252344 110128 1
108335 101 1770 177324 109941 1
108269 129 1770 341882 110098 0.9833333333333333
108331 126 1770 328743 110146 1
108427 108 1770 208743 109907 1
108422 123 1770 291748 110135 1
108392 115 1770 245938 110158 0.9833333333333333
108484 142 1770 250229 110443 1
108459 88 1770 251487 109833 1
108368 120 1770 242145 110048 0.9666666666666667
108323 113 1770 241901 110162 0.9333333333333333
108325 116 1770 290573 110052 1
108300 115 1770 301133 110112 0.9666666666666667
108424 126 1770 241784 110420 1
