1 0.033333333333333326 0 0 0 0.01666666666666672 0.033333333333333326 0 0.01666666666666672 0 
0.033333333333333326 1 0.06666666666666665 0.033333333333333326 0.01666666666666672 0.01666666666666672 0 0.01666666666666672 0.033333333333333326 0 
0 0.06666666666666665 1 0.01666666666666672 0 0.01666666666666672 0 0.01666666666666672 0 0.01666666666666672 
0 0.033333333333333326 0.01666666666666672 1 0.01666666666666672 0 0.01666666666666672 0.01666666666666672 0.050000000000000044 0 
0 0.01666666666666672 0 0.01666666666666672 1 0.033333333333333326 0 0 0.01666666666666672 0.033333333333333326 
0.01666666666666672 0.01666666666666672 0.01666666666666672 0 0.033333333333333326 1 0.01666666666666672 0.08333333333333337 0.033333333333333326 0 
0.033333333333333326 0 0 0.01666666666666672 0 0.01666666666666672 1 0.033333333333333326 0.01666666666666672 0.01666666666666672 
0 0.01666666666666672 0.01666666666666672 0.01666666666666672 0 0.08333333333333337 0.033333333333333326 1 0 0 
0.01666666666666672 0.033333333333333326 0 0.050000000000000044 0.01666666666666672 0.033333333333333326 0.01666666666666672 0 1 0.01666666666666672 
0 0 0.01666666666666672 0 0.033333333333333326 0 0.01666666666666672 0 0.01666666666666672 1 
