1 0 0.025000000000000022 0.050000000000000044 0.050000000000000044 0.09999999999999998 0.07499999999999996 0.025000000000000022 0.07499999999999996 0.050000000000000044 
0 1 0.050000000000000044 0 0.050000000000000044 0.025000000000000022 0 0.025000000000000022 0 0.050000000000000044 
0.025000000000000022 0.050000000000000044 1 0.07499999999999996 0.025000000000000022 0.050000000000000044 0.025000000000000022 0 0.050000000000000044 0.07499999999999996 
0.050000000000000044 0 0.07499999999999996 1 0.025000000000000022 0.07499999999999996 0.025000000000000022 0.050000000000000044 0 0.050000000000000044 
0.050000000000000044 0.050000000000000044 0.025000000000000022 0.025000000000000022 1 0.050000000000000044 0.09999999999999998 0.17500000000000004 0 0 
0.09999999999999998 0.025000000000000022 0.050000000000000044 0.07499999999999996 0.050000000000000044 1 0.025000000000000022 0.025000000000000022 0.050000000000000044 0 
0.07499999999999996 0 0.025000000000000022 0.025000000000000022 0.09999999999999998 0.025000000000000022 1 0.025000000000000022 0.050000000000000044 0.07499999999999996 
0.025000000000000022 0.025000000000000022 0 0.050000000000000044 0.17500000000000004 0.025000000000000022 0.025000000000000022 1 0 0.025000000000000022 
0.07499999999999996 0 0.050000000000000044 0 0 0.050000000000000044 0.050000000000000044 0 1 0.07499999999999996 
0.050000000000000044 0.050000000000000044 0.07499999999999996 0.050000000000000044 0 0 0.07499999999999996 0.025000000000000022 0.07499999999999996 1 
