1 0 0.033333333333333326 0 0.16666666666666663 0.033333333333333326 0.033333333333333326 0.09999999999999998 0.033333333333333326 0 
0 1 0 0 0.06666666666666665 0 0.06666666666666665 0.06666666666666665 0.033333333333333326 0.033333333333333326 
0.033333333333333326 0 1 0.033333333333333326 0.06666666666666665 0 0.1333333333333333 0 0.06666666666666665 0.033333333333333326 
0 0 0.033333333333333326 1 0 0.1333333333333333 0 0.033333333333333326 0 0.033333333333333326 
0.16666666666666663 0.06666666666666665 0.06666666666666665 0 1 0.033333333333333326 0.06666666666666665 0.09999999999999998 0 0.1333333333333333 
0.033333333333333326 0 0 0.1333333333333333 0.033333333333333326 1 0 0.033333333333333326 0.033333333333333326 0.033333333333333326 
0.033333333333333326 0.06666666666666665 0.1333333333333333 0 0.06666666666666665 0 1 0.033333333333333326 0.19999999999999996 0 
0.09999999999999998 0.06666666666666665 0 0.033333333333333326 0.09999999999999998 0.033333333333333326 0.033333333333333326 1 0.033333333333333326 0 
0.033333333333333326 0.033333333333333326 0.06666666666666665 0 0 0.033333333333333326 0.19999999999999996 0.033333333333333326 1 0.033333333333333326 
0 0.033333333333333326 0.033333333333333326 0.033333333333333326 0.1333333333333333 0.033333333333333326 0 0 0.033333333333333326 1 
