118090 401 287068 5073050 135016 1
117966 395 201080 3555603 137378 0.9777777777777777
117760 490 268490 4776950 136080 0.9888888888888889
117618 390 169801 3010536 137372 0.9888888888888889
117768 394 237077 4214218 136644 0.9888888888888889
118126 422 215701 3848050 137114 0.9888888888888889
118158 363 173208 3065210 135548 0.9777777777777777
117878 465 238076 4240824 136312 0.9888888888888889
117796 424 214999 3855888 137022 0.9333333333333333
117752 462 208723 3716782 138330 0.9222222222222223
