248892 136 780 80897 348898 0.95
255806 102 780 42097 334460 0.9
250878 113 780 56095 322154 1
248128 144 780 52541 346084 0.925
248710 93 780 38644 313158 1
254380 103 780 51153 340808 0.95
252562 121 780 56379 338848 1
245350 120 780 43351 346920 0.95
247896 109 780 61960 353550 0.875
252796 90 780 42458 329376 0.95
252784 90 780 57401 341470 0.925
252846 108 780 38588 347848 0.9
251884 110 780 57202 337932 1
249500 126 780 40164 343878 1
256600 88 780 43246 348708 0.925
253112 104 780 55415 344656 0.925
251610 127 780 71944 341744 0.95
255694 107 780 38536 344202 0.975
250034 129 780 41871 358514 0.95
248042 105 780 45639 337542 0.9
251852 136 780 62535 358900 0.9
253894 89 780 32496 356366 0.875
250254 110 780 58591 332666 0.875
256726 78 780 36968 331820 1
251588 125 780 54263 329000 0.95
249180 98 780 32455 338956 0.975
246940 115 780 42782 341742 0.95
247046 135 780 55671 359212 0.925
255838 100 780 38508 357794 0.975
249670 147 780 56768 352860 0.925
254448 98 780 52478 329916 0.975
249490 120 780 55919 343466 0.975
255728 111 780 47336 335980 0.975
253034 107 780 40049 338120 0.85
254390 90 780 45231 320822 0.925
249562 110 780 38146 349086 0.95
249902 118 780 63224 349986 0.975
246154 113 780 33611 345588 1
248040 115 780 43576 339052 0.975
250888 108 780 39740 335612 0.925
253488 102 780 63215 333202 0.975
250524 96 780 47202 324040 0.975
252640 108 780 47543 357100 0.9
252516 137 780 77075 339182 0.95
249214 96 780 92313 332722 1
249554 109 780 52185 343946 0.9
254558 130 780 37132 349414 1
251134 117 780 51310 338036 0.975
255142 114 780 68209 335962 0.925
252806 89 780 40855 333542 0.95
252912 111 780 53479 345702 0.95
256812 108 780 49246 330596 0.875
253156 116 780 54804 341882 0.95
256466 97 780 40107 347376 0.875
256322 100 780 38584 340434 0.95
248092 94 780 47809 335544 0.95
256714 107 780 28941 326376 0.975
247460 120 780 60047 338594 0.925
250062 113 780 62306 345304 0.875
251786 97 780 76458 335802 0.975
256744 96 780 41875 350704 0.975
252338 97 780 41288 331226 0.975
252446 98 780 50049 337644 0.9
250790 133 780 48947 338594 0.975
249568 113 780 39469 339206 0.875
253162 113 780 40811 351904 0.775
249984 122 780 45525 343554 0.975
251060 107 780 54197 330096 0.95
252278 131 780 48311 357622 0.95
252602 145 780 78716 345950 0.95
247992 126 780 64921 352430 0.975
252866 109 780 47048 333598 1
246448 116 780 65279 335210 0.925
257318 120 780 51229 355830 0.9
248854 111 780 50356 345898 0.95
250220 115 780 55105 341938 1
247452 120 780 94961 331670 0.875
256678 92 780 31561 346136 0.975
249518 107 780 44529 344396 0.975
253654 110 780 38583 350726 0.975
253810 101 780 55784 344980 0.95
250684 124 780 50851 340430 0.95
246682 120 780 42169 344842 0.925
254010 116 780 41689 346042 0.975
257482 91 780 34721 335582 0.9
248360 99 780 60006 331016 0.95
252722 100 780 43861 331686 0.95
256994 102 780 44174 337488 0.975
252308 142 780 72076 345650 0.925
262002 96 780 24845 338724 0.95
247026 159 780 114864 340844 0.975
252920 103 780 55374 336352 0.9
249884 98 780 44245 320296 1
256438 110 780 58229 341926 0.975
253362 102 780 39893 349546 0.925
247950 117 780 60938 355892 1
251042 102 780 81940 335932 1
245352 159 780 110194 338460 0.85
258236 118 780 40555 354138 0.9
252834 123 780 47988 354612 1
257416 83 780 35186 333064 1
250868 112 780 49428 340676 0.925
252446 147 780 59021 345588 1
255632 105 780 62263 342916 0.975
258252 96 780 52164 349856 1
254460 92 780 38541 329974 0.975
255550 106 780 44911 334606 0.925
253222 110 780 60261 311782 0.975
252152 138 780 57915 357954 0.975
251686 113 780 48403 332640 0.975
251218 119 780 47493 341976 0.875
246034 115 780 42043 343336 0.85
250006 117 780 50831 354876 0.95
253926 88 780 49377 342628 1
256948 110 780 33306 352734 0.95
253484 124 780 43295 343818 0.975
247176 105 780 40330 334424 0.9
252118 80 780 52537 320896 0.975
251482 119 780 49450 354476 0.975
257574 131 780 56336 355824 0.95
255272 117 780 48825 346440 0.925
250942 89 780 45002 340430 0.95
246066 139 780 71172 356562 1
248614 121 780 64984 322104 1
252530 109 780 42675 350360 1
254036 109 780 41482 353468 0.95
251710 102 780 68488 328844 0.975
252940 80 780 43906 333896 1
248516 115 780 60628 351334 1
250524 123 780 50160 339682 0.95
251676 108 780 42936 348820 0.975
252056 113 780 56854 345420 0.95
250044 91 780 44069 327384 0.9
250996 115 780 42916 347180 0.925
249604 118 780 67241 345438 0.975
250274 104 780 59756 338692 0.975
252066 104 780 44793 339698 0.85
256852 114 780 48829 343696 0.925
252006 113 780 38445 339592 0.975
254136 94 780 28737 340720 0.975
252400 134 780 43973 349462 0.975
250928 118 780 41953 342168 0.75
252974 111 780 31161 335140 0.925
250848 114 780 59826 334354 0.9
248228 107 780 64958 303146 1
253284 109 780 36517 338872 0.975
246926 103 780 62511 331012 0.95
247818 120 780 52019 352312 0.925
251764 108 780 48782 337094 0.925
254358 99 780 47676 351182 0.975
251402 117 780 68839 329562 1
252702 111 780 50315 345088 0.9
254940 83 780 37127 323478 0.975
253752 104 780 30150 349200 0.85
255172 105 780 34757 338046 0.9
250978 113 780 42017 354882 1
253216 105 780 42741 339338 1
253392 120 780 57042 345538 0.925
252860 100 780 61271 331766 1
254840 106 780 73279 338096 0.925
255774 106 780 49688 349976 0.975
250520 109 780 45939 352370 1
246176 116 780 67664 338838 1
251830 99 780 35354 332308 0.95
246500 119 780 43588 340212 0.85
247482 144 780 74122 361372 0.95
254876 97 780 47657 333674 0.975
245570 116 780 71980 329414 0.875
253584 119 780 49902 350626 0.95
251538 131 780 53163 343122 0.975
251428 109 780 49648 335106 0.975
254328 124 780 52880 335060 0.975
253942 103 780 44401 349644 0.95
251526 107 780 61420 352270 0.975
251364 124 780 52511 357618 0.95
246920 108 780 34749 325932 0.95
248626 92 780 40578 347802 1
250766 89 780 51007 331736 0.875
253614 135 780 60169 356000 0.975
254670 103 780 54865 342886 0.975
250880 131 780 82808 340830 0.925
250772 119 780 57624 342444 0.875
250224 121 780 57261 349050 0.85
251992 108 780 41801 358846 0.9
252696 134 780 67409 349970 1
246138 128 780 71542 349788 0.975
249114 110 780 39218 335240 1
249456 114 780 44417 354894 0.95
252514 121 780 58471 342428 0.975
250726 129 780 70236 347620 0.95
252604 116 780 40949 345396 0.925
246954 146 780 84392 355286 0.975
251156 113 780 58159 349912 1
247588 119 780 45135 337858 1
253742 96 780 43249 330136 0.925
248632 104 780 51075 356500 0.975
261214 75 780 33248 329808 0.975
251444 104 780 50350 324482 1
251274 120 780 51871 338448 0.975
248846 117 780 51500 334272 1
252774 95 780 51425 326538 0.975
262964 89 780 27663 328380 1
252342 86 780 50194 324882 0.875
250646 118 780 50344 346644 0.925
245878 116 780 38869 339432 0.925
244778 128 780 74090 343048 0.775
250292 115 780 57280 333160 0.975
253474 114 780 44197 333486 0.95
253374 108 780 39791 335934 0.975
257528 108 780 42598 330066 1
256278 104 780 51875 342656 0.975
249380 107 780 63584 359336 0.975
250856 106 780 64114 338110 1
254774 106 780 54265 334522 0.975
254600 125 780 65263 354518 1
251206 97 780 60138 326232 1
247152 119 780 47652 347936 0.925
253708 107 780 66224 337438 0.85
253118 112 780 41481 343300 0.875
251934 92 780 50112 327702 0.975
249910 115 780 60272 331058 1
255380 127 780 57901 347260 0.975
249878 125 780 61245 339176 0.975
247396 96 780 45639 334312 0.925
255294 97 780 47707 338632 0.975
249516 129 780 61943 335852 0.9
249132 93 780 54711 326446 0.975
249568 121 780 61133 323682 0.925
249032 121 780 56128 349346 0.975
251548 112 780 42272 329470 0.975
252674 106 780 46220 352926 0.95
249290 122 780 47350 347420 1
251774 95 780 32068 353978 0.975
249286 125 780 58051 348296 0.95
252866 119 780 45599 348576 0.95
252808 111 780 48840 340462 0.95
248950 113 780 43009 355166 1
258758 102 780 37575 343338 0.95
255630 123 780 38796 341662 1
251766 76 780 31191 335668 0.95
255464 110 780 33941 335900 0.9
251280 101 780 50696 343404 0.925
248496 137 780 73243 339044 1
253742 97 780 73546 337368 0.975
248858 127 780 54697 342724 1
250630 138 780 99745 340648 0.925
254584 112 780 49497 340096 0.95
259358 112 780 40306 359132 1
252832 98 780 40482 334544 1
251554 115 780 53066 342398 0.925
251582 128 780 64679 360586 1
255640 100 780 41167 337658 0.95
247366 121 780 63429 347646 0.95
246886 123 780 55612 354682 0.925
254288 94 780 34780 355572 0.975
248410 92 780 48664 330874 0.9
251168 99 780 44881 342448 0.925
248682 107 780 41945 346220 0.95
255590 99 780 50369 340870 0.925
252894 115 780 47639 341266 0.95
250194 88 780 38198 323334 0.95
250692 108 780 41339 349926 1
247464 132 780 69813 349206 0.825
255324 105 780 51971 353004 0.95
252490 126 780 51790 344524 0.95
246516 134 780 54065 350292 0.9
254716 141 780 61295 348420 0.975
251968 136 780 57404 357822 0.925
254586 111 780 46028 354214 0.95
251656 107 780 52927 350662 0.975
254614 123 780 39778 359896 0.975
245848 109 780 44993 342114 0.85
253336 122 780 51773 349240 0.925
250364 118 780 74652 327174 0.925
250168 105 780 32671 320136 0.975
257032 93 780 37724 327380 0.95
251204 107 780 58150 327144 0.95
251640 84 780 23935 332254 0.95
246278 121 780 56065 341450 1
252396 119 780 65427 356814 0.975
251408 135 780 63458 347944 0.85
248088 124 780 49792 349358 0.95
258992 78 780 35098 336396 0.975
249344 118 780 70664 348208 0.95
248434 96 780 36360 328886 0.95
251064 109 780 65276 342450 0.95
256066 96 780 42684 331604 1
252486 92 780 36973 328114 0.9
257112 103 780 42066 344670 0.9
251016 134 780 63472 340096 0.975
251104 122 780 47697 339872 0.975
250178 110 780 39845 336238 1
252994 107 780 32612 347064 1
256654 99 780 34173 339208 0.975
251932 128 780 60632 337162 1
254032 93 780 44616 345644 0.975
255450 94 780 50490 327826 1
247230 102 780 56946 325490 1
250242 111 780 45905 337386 0.95
249962 121 780 38600 347266 0.975
