49646 164 1225 154902 54482 0.96
49840 118 1225 178990 54164 0.98
49842 168 1225 195945 55460 1
49964 170 1225 158699 56524 0.9
49934 125 1225 180467 55618 0.94
49136 164 1225 180300 55066 1
49744 179 1225 159731 54922 0.9
49746 176 1225 149418 55652 0.96
50344 155 1225 137268 55918 0.94
49572 161 1225 146456 54986 0.98
49732 167 1225 232303 55330 0.94
49510 152 1225 194280 54582 0.94
49756 222 1225 248144 55858 0.96
49806 165 1225 210257 56308 0.96
49556 138 1225 211955 55536 0.94
50088 137 1225 174062 55420 0.92
49454 165 1225 204874 56088 0.96
49888 146 1225 166462 55286 0.92
49456 160 1225 220720 55688 0.92
49882 124 1225 143172 55168 0.96
49368 173 1225 275960 54336 0.96
49678 162 1225 201553 56132 0.96
49270 175 1225 134123 56000 0.82
50026 191 1225 199321 55622 0.98
49534 188 1225 223190 55808 0.98
49724 182 1225 208362 55854 0.98
49228 215 1225 295333 56136 1
49866 149 1225 185407 55776 1
49564 186 1225 241029 55584 0.94
49630 166 1225 156590 55812 0.98
49786 146 1225 175518 55376 0.98
49530 185 1225 227853 55402 0.86
49252 190 1225 225464 55258 0.96
49346 175 1225 272609 54554 0.96
49866 114 1225 118343 55306 0.96
49408 158 1225 166159 55392 1
49454 150 1225 159837 55274 0.96
49870 158 1225 191917 54836 1
49252 164 1225 195417 54894 1
49344 183 1225 215891 55702 0.86
49226 158 1225 185438 54980 1
49808 152 1225 132423 55690 0.92
49366 172 1225 186480 55814 1
49870 183 1225 209789 55660 0.94
49200 195 1225 246534 56466 0.9
49908 155 1225 197401 56322 0.94
49224 165 1225 209103 55344 1
49472 144 1225 212602 54948 1
49960 142 1225 148667 55140 0.94
49624 152 1225 262435 55238 0.94
49166 159 1225 185526 55450 0.88
49230 212 1225 237900 55146 0.94
49666 143 1225 185902 55438 0.94
49426 183 1225 283137 54964 0.96
49834 157 1225 168745 56054 0.96
49936 166 1225 175365 55340 0.98
49800 163 1225 254393 55766 0.98
49644 156 1225 175938 56242 0.9
49450 139 1225 105135 55300 0.94
49718 143 1225 163202 56086 1
48992 178 1225 226837 56430 1
49430 214 1225 294258 56134 0.96
49596 141 1225 183442 55402 0.94
49744 175 1225 229023 56100 0.98
49646 161 1225 209054 54942 0.98
49242 178 1225 201214 55546 0.9
49200 188 1225 177187 55604 0.84
49514 183 1225 219737 55940 0.96
49734 149 1225 231225 55362 1
49264 152 1225 174433 55832 0.98
49514 164 1225 206135 56008 0.96
49136 164 1225 181801 55886 0.92
49354 179 1225 186664 55614 0.98
49578 164 1225 228158 55110 0.86
49612 168 1225 130974 55794 0.92
49312 190 1225 232510 54722 0.94
49524 186 1225 240522 55592 0.94
49424 167 1225 160068 55024 1
49738 148 1225 181672 55082 0.88
49388 194 1225 277456 56264 0.98
49428 164 1225 218529 55414 0.94
49358 174 1225 189612 55656 0.88
49436 162 1225 210065 55728 0.92
49760 154 1225 169888 55128 0.92
49466 147 1225 100452 55230 0.98
49620 170 1225 239057 55214 0.94
49476 177 1225 183729 54862 1
50012 149 1225 171974 56178 0.98
49640 158 1225 238611 54476 0.98
49198 162 1225 246507 55422 0.98
49856 173 1225 228226 56330 1
50116 156 1225 181041 54974 0.98
49650 144 1225 210850 54722 0.92
49816 143 1225 176998 56932 0.96
49298 140 1225 130585 54988 1
49402 183 1225 215104 55470 1
49770 153 1225 183107 55214 0.9
49650 137 1225 177089 55758 0.94
49222 167 1225 187981 54956 0.92
49308 150 1225 149907 55344 0.9
49864 138 1225 167240 55248 0.92
49300 171 1225 178891 55580 0.96
49492 162 1225 205554 55356 0.96
49800 164 1225 217368 55718 0.96
49392 139 1225 135983 55450 1
50000 172 1225 198619 55498 0.94
49790 137 1225 139606 55360 0.98
49624 159 1225 152865 55658 0.86
49270 155 1225 168379 54838 0.9
49808 134 1225 117469 55512 1
49622 164 1225 190153 56126 0.92
49634 147 1225 140067 55892 0.96
49434 169 1225 194051 55580 0.88
50218 137 1225 150330 55788 0.92
49702 139 1225 93558 55588 0.94
49588 145 1225 208874 55724 0.94
49142 174 1225 183934 55510 0.98
49472 122 1225 143326 55534 0.98
49408 160 1225 180931 54648 1
49446 154 1225 198574 54730 0.94
49856 115 1225 137933 54776 0.98
49734 167 1225 191340 54984 1
49400 183 1225 166527 56486 0.86
49338 153 1225 125408 55054 1
49502 194 1225 261198 55062 0.94
49412 186 1225 232286 55286 0.96
49622 186 1225 188291 55196 0.98
49738 145 1225 129138 54602 0.96
49902 211 1225 264264 55938 0.94
49668 178 1225 164555 55778 0.98
49614 155 1225 261281 55598 0.98
49436 161 1225 194578 55528 0.98
49472 145 1225 172437 55534 0.94
49392 162 1225 168064 54888 0.92
49098 177 1225 233748 55400 1
49612 173 1225 148839 55810 0.9
49206 136 1225 151136 55034 0.94
48974 199 1225 294291 55320 0.9
49464 167 1225 162307 55404 1
49702 160 1225 218872 55528 1
49420 158 1225 114328 55962 1
49472 178 1225 269636 55498 0.96
49396 211 1225 216408 55944 1
49630 196 1225 176942 55218 0.98
49618 185 1225 266530 55110 0.94
49716 177 1225 224755 56064 0.96
49462 138 1225 190382 55724 0.92
50008 163 1225 150199 55648 1
49622 163 1225 161496 55256 1
49318 174 1225 214294 54848 1
49982 148 1225 126688 55374 0.98
49602 175 1225 163283 55756 0.9
49696 161 1225 193888 55638 0.94
49954 193 1225 157981 56620 1
49442 177 1225 186922 55574 0.98
49494 167 1225 171608 55440 1
49972 161 1225 138275 55970 1
49316 162 1225 227886 55296 1
49458 151 1225 231410 54768 0.98
49602 194 1225 327048 55764 0.94
49308 148 1225 180006 55118 1
49800 168 1225 174555 56472 0.96
49830 140 1225 144815 55168 1
49270 158 1225 206055 55290 1
49174 190 1225 132311 56630 0.86
49928 171 1225 206018 54950 0.96
49470 176 1225 226777 55444 0.92
49772 186 1225 227867 56226 0.9
49580 184 1225 277148 55720 1
49762 128 1225 139338 56002 1
49816 180 1225 264451 55554 0.92
50132 136 1225 198754 54546 0.98
50158 142 1225 217889 54888 1
49276 199 1225 218396 55622 0.98
49296 165 1225 160949 55404 1
50188 156 1225 141624 56378 0.94
49170 181 1225 241248 55566 0.84
49274 154 1225 184540 54656 1
49118 181 1225 228900 55016 0.98
49446 196 1225 156593 55876 1
49722 188 1225 309878 55564 0.98
49490 201 1225 212568 56150 0.92
49952 157 1225 121272 55634 0.96
49234 166 1225 213195 55932 0.98
49128 159 1225 167932 54770 0.84
49454 153 1225 127874 55744 0.98
49626 168 1225 236876 55620 0.94
49660 172 1225 186881 56160 0.98
49902 197 1225 183972 55922 0.94
49280 218 1225 298987 56252 0.98
49578 167 1225 157197 54882 0.98
49594 176 1225 210863 54702 1
49586 203 1225 401332 56020 0.98
49510 158 1225 225975 55340 0.88
49334 174 1225 174090 55500 0.9
49334 166 1225 157324 55984 1
49470 177 1225 184044 55644 1
49324 166 1225 169076 56372 0.94
49374 188 1225 256760 55526 0.9
49842 142 1225 183064 54554 0.92
49080 155 1225 186603 54708 1
49468 177 1225 251187 54470 1
49544 156 1225 193364 55280 0.92
49952 146 1225 187987 55142 1
49390 165 1225 255360 54720 1
49230 159 1225 113719 55244 0.94
49528 187 1225 149065 56188 1
49746 163 1225 183405 55992 1
49748 138 1225 168950 55556 0.92
49578 184 1225 216966 55646 1
49642 148 1225 194305 54480 0.98
49358 157 1225 127969 56200 1
49440 195 1225 240659 55104 0.9
49484 180 1225 182662 55678 0.98
49458 161 1225 158508 55398 0.88
49158 168 1225 195277 55592 0.96
49828 155 1225 147006 55120 0.96
49334 185 1225 193836 55592 0.74
49676 149 1225 194973 55704 0.92
49632 181 1225 226634 55854 0.98
49698 145 1225 161867 54724 1
50100 139 1225 176180 55204 0.98
49476 122 1225 150770 54728 1
49408 179 1225 224954 54884 0.96
49528 193 1225 176174 55686 1
49358 200 1225 178310 56116 1
49740 154 1225 110120 55388 0.94
49532 202 1225 248596 55966 0.96
49270 136 1225 169964 54024 0.98
50042 158 1225 206632 55656 0.96
50018 151 1225 118937 55434 1
49560 160 1225 191751 55316 0.96
49780 197 1225 270571 55928 1
50116 148 1225 151857 55412 0.96
49434 160 1225 182750 54634 0.94
49676 133 1225 133904 54542 0.92
49778 139 1225 122079 55174 0.96
50280 161 1225 227634 55990 0.96
49596 158 1225 208583 56098 0.92
49498 167 1225 164007 55908 1
49366 150 1225 153584 55150 0.94
49250 197 1225 159952 56008 0.9
50060 156 1225 151488 55558 1
49522 168 1225 130729 55998 0.96
49418 173 1225 248708 54590 0.94
49512 171 1225 194338 55592 1
49568 203 1225 179453 56630 0.9
49728 168 1225 149034 55888 0.88
49946 173 1225 169948 55816 0.92
49656 149 1225 135087 55638 1
49346 202 1225 185793 56268 0.9
49342 187 1225 434839 54970 0.88
50040 161 1225 196634 55032 0.9
49750 175 1225 203656 56132 1
49718 167 1225 206873 55800 0.94
50008 138 1225 177484 55270 0.96
49556 197 1225 270576 55782 0.94
49584 199 1225 219453 56032 0.96
49892 155 1225 183492 54750 0.98
49408 156 1225 214266 55054 1
49814 162 1225 210177 55518 0.98
50206 171 1225 288987 55942 0.96
49306 194 1225 207647 56076 0.88
49530 180 1225 145983 56446 1
49012 180 1225 196889 55116 1
49332 155 1225 158581 54808 0.98
49386 166 1225 167848 54560 0.9
49938 172 1225 161413 56018 0.96
49370 149 1225 154777 55204 1
49714 150 1225 177189 55008 0.9
49912 129 1225 184301 56142 0.96
49680 156 1225 176866 55548 0.96
49754 163 1225 198596 55890 0.82
49132 194 1225 224721 56754 0.84
50106 163 1225 198542 54932 1
49700 156 1225 119622 55396 0.98
49844 172 1225 163967 55406 0.98
49450 151 1225 228013 55226 0.88
49708 156 1225 96180 56392 1
49328 160 1225 240296 55414 0.96
49454 188 1225 289289 55310 0.98
49880 138 1225 147630 55380 0.96
49614 178 1225 231212 56158 0.88
49264 213 1225 254848 56290 0.96
50208 171 1225 164747 55922 0.94
49074 182 1225 198602 55634 0.98
49328 170 1225 219167 54896 0.92
49176 176 1225 194932 56406 0.84
49736 173 1225 172307 55528 0.96
50060 125 1225 186459 55470 0.96
50088 142 1225 159551 55336 0.96
49756 172 1225 204401 55208 0.92
49514 165 1225 137491 54742 0.94
49466 164 1225 139922 55390 0.98
50044 157 1225 173514 55120 0.96
49246 148 1225 128378 55644 0.96
49650 150 1225 179134 55918 0.98
50206 129 1225 163248 55366 0.94
49406 191 1225 278781 56446 0.94
49988 132 1225 105675 54846 0.9
