4030973 4 100 109 4096805 0.9230769230769231
4157600 2 50 62 4247768 0.9615384615384616
4052807 3 75 100 4181858 0.9615384615384616
4238912 1 25 29 4238912 0.9615384615384616
3944089 4 100 108 4062259 0.8461538461538461
4114251 2 50 55 4161467 0.8461538461538461
3994204 7 175 240 4116345 1
4070796 2 50 58 4154403 0.9615384615384616
4107597 3 75 90 4241615 0.9615384615384616
4096572 3 75 93 4186183 1
4094845 6 150 161 4256409 0.9615384615384616
4139722 5 125 134 4267850 1
4072618 3 75 81 4216331 0.9615384615384616
4005070 7 175 187 4250026 0.8846153846153846
4041647 3 75 81 4145686 0.9615384615384616
4120771 1 25 38 4120771 0.9230769230769231
4133237 5 125 145 4334071 1
4160807 2 50 56 4269963 0.8846153846153846
4035756 3 75 81 4079917 0.9230769230769231
4054731 3 75 81 4151932 0.9230769230769231
4104324 4 100 108 4202607 0.9615384615384616
4223322 3 75 101 4279057 0.8846153846153846
4150072 2 50 80 4169286 0.9615384615384616
4060299 2 50 56 4111675 0.9615384615384616
4176411 2 50 56 4331761 0.9230769230769231
4012890 3 75 82 4144387 1
4103023 2 50 56 4222910 0.9230769230769231
4085650 2 50 55 4163406 1
4086977 3 75 81 4134921 0.9230769230769231
4127815 2 50 56 4193218 0.9615384615384616
4069409 2 50 58 4071892 1
4105606 2 50 55 4247443 0.9615384615384616
4173192 3 75 93 4238634 1
4194870 2 50 72 4202865 0.9230769230769231
4152171 4 100 116 4286040 0.8461538461538461
4120721 2 50 57 4160423 0.8846153846153846
4159444 5 125 135 4285093 1
4009569 6 150 169 4097176 1
4111684 3 75 94 4219246 0.9615384615384616
4123541 3 75 83 4247014 0.9230769230769231
4105636 5 125 134 4274044 0.9615384615384616
4025875 3 75 82 4059831 0.8461538461538461
4193265 2 50 55 4265542 0.9230769230769231
4049788 2 50 56 4116374 0.9615384615384616
4196073 3 75 93 4245655 0.9615384615384616
4145537 3 75 111 4255283 0.9615384615384616
4074708 6 150 161 4239606 0.8461538461538461
4098820 3 75 81 4179793 0.9615384615384616
3977126 5 125 135 4140322 1
4120039 2 50 55 4121443 0.9615384615384616
4070350 3 75 82 4239992 0.9230769230769231
4119524 4 100 108 4321089 0.8461538461538461
4156093 3 75 83 4250304 1
4022054 2 50 57 4232110 1
4061815 8 200 309 4286701 0.9230769230769231
4164910 2 50 56 4253661 0.9615384615384616
4097936 2 50 56 4144307 0.9230769230769231
4228703 2 50 55 4274242 0.9230769230769231
4140483 2 50 55 4215818 0.9615384615384616
4203377 3 75 101 4380515 0.9615384615384616
4138179 3 75 82 4179974 1
4059427 6 150 162 4293284 0.9615384615384616
4073719 5 125 134 4208262 0.8846153846153846
4100336 2 50 55 4212432 1
3943303 3 75 81 4094415 0.9230769230769231
4124500 4 100 107 4201499 1
4105838 4 100 112 4263830 0.9230769230769231
4009071 7 175 187 4248603 1
4030826 2 50 55 4166274 0.8461538461538461
4106317 4 100 110 4194782 0.8846153846153846
4091214 5 125 134 4185552 0.9230769230769231
4162328 2 50 55 4324681 1
4063893 4 100 109 4154295 0.9615384615384616
4102019 2 50 55 4240466 1
4170956 1 25 28 4170956 1
4069968 4 100 108 4211134 0.9615384615384616
4109193 2 50 66 4110285 1
4035676 4 100 108 4164132 0.9615384615384616
4121208 2 50 56 4172935 0.9615384615384616
4037504 8 200 213 4294701 0.9230769230769231
4013722 4 100 111 4202140 0.9615384615384616
4029802 3 75 80 4234658 0.9230769230769231
4155274 3 75 84 4313509 1
4112862 5 125 146 4229744 0.9230769230769231
4181830 3 75 91 4204671 1
4179924 2 50 73 4181809 0.9230769230769231
3977641 6 150 161 4212227 1
4152189 3 75 89 4284302 0.9615384615384616
4157175 2 50 56 4157812 0.9615384615384616
4025301 3 75 82 4089018 1
4059242 5 125 135 4240207 0.8846153846153846
4192840 2 50 96 4266316 0.9615384615384616
4081391 4 100 110 4283061 0.8846153846153846
4000972 6 150 162 4267298 0.9230769230769231
4113932 4 100 108 4120614 0.8846153846153846
4036673 5 125 134 4248097 0.8846153846153846
3954398 6 150 161 4198167 1
4087182 3 75 83 4149998 0.9615384615384616
4071552 3 75 81 4212697 0.9230769230769231
4156577 4 100 108 4306455 0.9615384615384616
4045738 3 75 81 4097062 0.9230769230769231
4017701 3 75 82 4068557 0.9615384615384616
4081065 3 75 81 4213249 0.9230769230769231
4020244 2 50 55 4049772 1
4160357 5 125 135 4301548 0.9230769230769231
4084601 3 75 97 4212131 0.9615384615384616
4012958 1 25 29 4012958 1
4210364 2 50 55 4390546 0.9230769230769231
3990765 6 150 235 4171978 0.8846153846153846
3990608 2 50 72 4223365 0.8076923076923077
4045410 3 75 82 4108746 1
3994996 3 75 80 4120148 0.8846153846153846
4226115 3 75 82 4251803 0.9615384615384616
4100074 2 50 72 4155192 0.9615384615384616
4055709 3 75 106 4115002 0.8076923076923077
4217252 2 50 69 4388839 0.9615384615384616
4036067 5 125 177 4167581 0.9230769230769231
4152416 4 100 108 4244159 0.8846153846153846
4113170 1 25 36 4113170 1
4129483 2 50 94 4220860 1
4014423 5 125 210 4195677 0.9230769230769231
4076509 3 75 94 4239588 0.9230769230769231
4117388 2 50 55 4144363 0.9615384615384616
4024224 3 75 82 4219335 1
4173627 3 75 118 4232725 0.9230769230769231
4110946 4 100 108 4129289 0.9615384615384616
4092419 2 50 55 4256980 0.9230769230769231
4083901 5 125 135 4286260 0.9615384615384616
4125230 3 75 81 4194697 1
3964385 7 175 193 4259647 0.8846153846153846
4172048 2 50 55 4218237 0.9230769230769231
4090272 6 150 175 4279375 1
4009556 6 150 161 4308093 1
3990891 2 50 55 4028336 1
4147808 5 125 176 4328356 0.9615384615384616
4165253 2 50 57 4240139 1
4025125 2 50 56 4069075 1
4108307 2 50 56 4216256 0.9615384615384616
4029380 5 125 136 4233357 0.8461538461538461
4089903 4 100 109 4275062 0.8461538461538461
4033357 4 100 109 4188916 1
4042807 5 125 171 4253108 0.8076923076923077
4107243 3 75 114 4167017 0.9230769230769231
4132399 2 50 55 4155201 1
4106755 5 125 136 4239267 0.9615384615384616
4136715 2 50 55 4179277 0.9230769230769231
3985848 5 125 135 4204997 0.9230769230769231
4036831 6 150 161 4190245 1
4136151 3 75 93 4279151 0.8461538461538461
4096142 3 75 82 4294093 1
4171954 2 50 56 4275655 1
4094640 1 25 29 4094640 1
4108255 3 75 87 4195979 0.9230769230769231
4013341 5 125 138 4228097 0.8846153846153846
4002830 4 100 148 4082780 0.9615384615384616
4067102 4 100 166 4168328 0.9615384615384616
4189940 2 50 81 4250286 1
4100788 3 75 118 4250446 0.9615384615384616
4165216 2 50 67 4270668 0.9615384615384616
4006410 7 175 185 4302877 0.9230769230769231
4051392 2 50 57 4168365 0.9230769230769231
4035608 2 50 56 4160608 0.8846153846153846
4010170 6 150 201 4154820 0.9230769230769231
4031168 3 75 124 4271536 0.9230769230769231
4085600 2 50 80 4124600 0.9230769230769231
4079647 1 25 28 4079647 0.9230769230769231
4098170 3 75 82 4146738 0.9230769230769231
4208563 3 75 81 4393995 0.8846153846153846
3980748 4 100 126 4059294 0.9230769230769231
4124142 3 75 81 4211762 0.8076923076923077
4122973 1 25 29 4122973 1
4094704 2 50 56 4113593 1
3942580 8 200 222 4136748 0.9615384615384616
4181089 3 75 82 4218295 0.9615384615384616
4139631 3 75 81 4270835 1
4021595 7 175 188 4256755 0.9615384615384616
4177844 2 50 56 4280440 0.8846153846153846
4044469 3 75 82 4139889 0.9230769230769231
4125839 3 75 139 4229462 0.9230769230769231
4088880 3 75 83 4267533 0.9230769230769231
3967679 6 150 161 4177582 0.9615384615384616
4152843 3 75 82 4321781 0.9615384615384616
4222475 2 50 64 4326397 1
4079102 5 125 135 4210482 0.9615384615384616
4053728 5 125 135 4222848 0.8846153846153846
4108770 3 75 82 4160679 0.9615384615384616
4145723 5 125 141 4292441 0.9615384615384616
4189048 2 50 59 4224785 0.9230769230769231
4127272 3 75 83 4207183 0.9615384615384616
4166187 3 75 139 4311643 1
4067747 3 75 96 4231773 0.9230769230769231
4166228 4 100 118 4360908 0.9230769230769231
4128083 2 50 55 4227958 0.9230769230769231
4025214 3 75 84 4083038 0.9230769230769231
4005324 2 50 65 4104708 1
4034919 7 175 187 4289430 0.9615384615384616
3998424 5 125 136 4164007 1
4093517 6 150 161 4320538 0.8846153846153846
4119097 5 125 136 4240290 0.9615384615384616
4004692 4 100 108 4092520 1
4122822 3 75 97 4188743 0.9615384615384616
4096945 2 50 56 4209812 0.9615384615384616
4120768 2 50 55 4227391 0.9230769230769231
4190027 2 50 55 4245264 0.8846153846153846
4130106 2 50 64 4187774 0.9230769230769231
4101327 3 75 107 4200595 0.9615384615384616
3970393 4 100 136 4191536 0.9230769230769231
4075434 4 100 109 4230746 0.9615384615384616
4010069 3 75 81 4078487 0.9615384615384616
4148427 3 75 109 4281893 1
4023529 5 125 172 4219555 1
4049086 3 75 83 4199663 0.8846153846153846
4268735 2 50 56 4280526 1
4140662 2 50 74 4229751 0.8846153846153846
4061246 5 125 225 4306874 0.9615384615384616
3991599 5 125 135 4149200 1
4024221 7 175 187 4148610 0.8846153846153846
3980812 7 175 186 4107908 1
4037916 5 125 134 4207544 0.9615384615384616
4103224 4 100 107 4223540 1
4050906 5 125 134 4322160 0.9615384615384616
4058838 3 75 83 4187850 1
4079565 3 75 82 4246254 0.9615384615384616
4129464 3 75 108 4185871 1
4063885 4 100 142 4193157 1
4170130 2 50 80 4319588 1
4188931 2 50 73 4267347 0.9230769230769231
4042462 3 75 85 4179637 0.8846153846153846
4083718 2 50 55 4185223 0.9615384615384616
3921850 3 75 82 4081661 0.9615384615384616
4090163 5 125 135 4270513 0.9615384615384616
4132444 3 75 119 4232040 1
3998962 1 25 28 3998962 0.9615384615384616
4166821 2 50 55 4233160 0.9230769230769231
4061991 6 150 161 4350411 0.9230769230769231
3981299 2 50 55 4067996 1
4056887 7 175 188 4383149 0.9615384615384616
4085493 2 50 56 4273538 0.8461538461538461
4024948 5 125 135 4209653 0.9230769230769231
4083534 3 75 81 4179823 0.8846153846153846
4152624 4 100 151 4325613 1
4165213 6 150 163 4414193 0.9230769230769231
4089491 2 50 56 4116024 0.9615384615384616
4013471 3 75 82 4263157 0.9615384615384616
4125365 2 50 74 4182279 0.9615384615384616
4105437 5 125 137 4231995 1
4100036 2 50 63 4136514 0.9230769230769231
3972947 4 100 155 4071604 0.9615384615384616
4023404 5 125 132 4150356 0.9615384615384616
4149133 4 100 108 4242354 0.9615384615384616
4050362 2 50 55 4124852 1
4083721 3 75 83 4197443 0.9230769230769231
4148460 4 100 108 4183794 1
4040602 4 100 108 4125635 0.9230769230769231
4006101 6 150 162 4194629 0.9230769230769231
4190487 3 75 81 4280938 0.8846153846153846
4108022 2 50 56 4318103 0.9230769230769231
3991379 8 200 224 4283468 0.8846153846153846
4113105 4 100 108 4335558 0.9615384615384616
4084774 2 50 55 4157522 1
4017014 4 100 115 4132052 1
4159945 4 100 120 4243847 1
3972405 6 150 239 4153399 1
4099050 5 125 141 4245222 1
4035555 5 125 149 4211063 0.9615384615384616
4112270 3 75 89 4208483 0.8846153846153846
4120308 3 75 82 4269358 0.9230769230769231
4082586 6 150 161 4297178 0.9230769230769231
4080678 2 50 55 4237452 0.9615384615384616
4147682 2 50 55 4186916 0.9615384615384616
4044975 4 100 109 4274010 0.9230769230769231
4173868 5 125 135 4328723 0.8846153846153846
3989939 2 50 56 4185002 0.9230769230769231
3990345 2 50 56 4181588 0.8846153846153846
4043334 2 50 55 4043503 0.9615384615384616
4034420 5 125 136 4117399 0.9230769230769231
4106418 6 150 191 4338605 0.9230769230769231
4149411 2 50 55 4236103 1
4086013 5 125 136 4165651 1
4100054 4 100 139 4166159 0.9615384615384616
4071676 5 125 135 4144638 0.9615384615384616
4090812 5 125 169 4179849 0.8846153846153846
4098881 3 75 81 4199865 0.9615384615384616
4117615 3 75 81 4129419 0.9615384615384616
4021528 6 150 161 4161811 1
4232687 3 75 84 4339760 0.9615384615384616
4048505 6 150 161 4297734 1
4135615 3 75 81 4313343 0.9615384615384616
4251912 2 50 55 4368119 1
4072113 4 100 144 4282739 0.9615384615384616
4043949 3 75 82 4145192 0.9615384615384616
4085939 2 50 56 4190930 1
4160191 2 50 55 4241623 0.9615384615384616
4146100 3 75 83 4271615 0.8461538461538461
4048002 5 125 180 4304871 0.9230769230769231
4138745 3 75 96 4194229 0.9615384615384616
4166058 4 100 138 4354823 1
4011554 2 50 242 4011827 1
4126631 3 75 119 4284373 1
4014345 3 75 82 4133944 1
