107060 12 348 555 138320 0.9
109380 10 290 448 134860 0.9666666666666667
111850 6 174 269 125250 0.9666666666666667
104510 9 261 403 136470 0.9333333333333333
108220 9 261 409 137720 0.9333333333333333
108060 8 232 357 136320 1
108730 10 290 467 137630 0.9333333333333333
107740 9 261 403 135400 1
109230 9 261 409 140290 0.9666666666666667
105210 11 319 506 129090 0.9333333333333333
106180 16 464 713 138530 0.9666666666666667
108840 11 319 491 139530 0.9666666666666667
110090 10 290 470 139370 1
103670 14 406 627 139090 0.9
110700 7 203 314 126470 0.8666666666666667
113430 17 493 1013 138760 0.9333333333333333
109580 7 203 336 129000 1
110920 8 232 364 133110 1
107720 10 290 448 130450 0.8666666666666667
107780 10 290 599 136820 0.9666666666666667
110020 12 348 536 135410 1
106230 12 348 533 134500 0.9666666666666667
109660 10 290 493 136550 0.9666666666666667
103500 13 377 582 128120 0.9
110280 13 377 582 136130 0.9666666666666667
104820 17 493 997 139670 0.9666666666666667
105890 14 406 690 138060 0.9
103180 9 261 402 128080 0.8333333333333334
116120 7 203 331 132120 0.9666666666666667
104830 12 348 535 134250 0.9666666666666667
116710 5 145 244 131750 1
104410 12 348 535 129910 0.9333333333333333
102230 12 348 709 128970 0.9666666666666667
109550 13 377 588 138150 0.9
107590 11 319 490 138630 0.9333333333333333
112000 7 203 313 133110 0.9
105930 11 319 491 138440 1
107420 13 377 578 135190 1
113100 8 232 504 135430 0.9666666666666667
114850 9 261 404 141790 1
107580 14 406 628 137630 0.8666666666666667
109150 9 261 420 135700 1
104250 16 464 878 134340 1
108240 11 319 491 136410 0.9333333333333333
112040 11 319 731 137120 1
113270 6 174 397 138060 0.9333333333333333
106800 9 261 403 124010 0.8666666666666667
106470 9 261 403 128510 1
112960 7 203 318 141370 1
108100 9 261 403 141740 0.9
114640 9 261 402 132800 1
110230 9 261 404 130980 0.9666666666666667
106310 11 319 492 126560 0.9
106060 11 319 501 136930 0.8666666666666667
105840 13 377 599 137100 0.9666666666666667
107740 8 232 360 128590 0.9
110720 11 319 511 136050 0.9333333333333333
112860 8 232 360 134830 0.9333333333333333
108030 10 290 447 140490 0.9666666666666667
108090 10 290 594 136620 0.9666666666666667
106140 11 319 491 134150 0.8666666666666667
106910 10 290 456 133430 1
102560 13 377 647 134560 0.9666666666666667
113730 8 232 413 139190 1
106640 11 319 548 136880 0.9666666666666667
105490 14 406 622 133760 0.9333333333333333
105860 12 348 546 130410 1
116700 4 116 187 131470 0.9666666666666667
108450 7 203 315 126520 0.9666666666666667
105640 12 348 704 131320 0.9
107860 12 348 535 138670 1
103670 12 348 538 137870 1
112280 8 232 364 134550 0.9333333333333333
104280 14 406 621 139960 1
105680 12 348 533 138730 0.8666666666666667
104360 16 464 710 136400 1
108520 13 377 579 139200 1
105910 10 290 537 144530 1
114310 13 377 601 141320 0.9
110040 10 290 481 140090 0.9666666666666667
107040 10 290 468 125450 1
114630 10 290 444 141740 0.9333333333333333
118690 9 261 406 140660 1
107330 17 493 786 133420 1
108460 10 290 446 136930 0.9333333333333333
109600 9 261 407 137170 1
110690 10 290 447 142480 0.9
107270 8 232 490 129940 0.9666666666666667
109440 9 261 402 133590 0.9
113830 10 290 481 142100 0.9333333333333333
109720 8 232 359 127030 0.9333333333333333
106870 12 348 564 140510 0.8333333333333334
105400 13 377 576 143910 1
106440 16 464 713 142700 0.9666666666666667
109510 11 319 500 138650 0.8666666666666667
117210 5 145 313 136950 0.9666666666666667
105260 14 406 622 129860 0.8666666666666667
108450 9 261 403 132820 1
109820 9 261 477 137660 1
113640 8 232 361 142500 1
108990 10 290 448 133850 0.9666666666666667
101610 15 435 691 143820 0.9666666666666667
105090 9 261 403 138120 0.9333333333333333
114390 11 319 490 136830 0.9666666666666667
109210 9 261 414 132740 0.9666666666666667
102010 10 290 446 124450 0.9666666666666667
106970 15 435 666 129960 0.9
108490 6 174 270 130450 0.9666666666666667
110230 9 261 401 130380 0.9666666666666667
110720 8 232 367 131250 0.9333333333333333
113540 10 290 451 132660 1
106870 10 290 446 143680 0.9666666666666667
110340 8 232 359 138830 0.9666666666666667
107630 11 319 498 130760 1
109920 10 290 467 138000 0.9333333333333333
104930 13 377 579 143850 0.9
107760 10 290 524 133100 0.9666666666666667
106850 11 319 526 138790 0.9333333333333333
104760 15 435 667 134210 0.9666666666666667
103670 7 203 315 124080 1
113790 8 232 359 134860 1
108210 11 319 495 134770 1
102220 15 435 665 130500 1
108440 10 290 446 139670 1
113270 6 174 315 132440 1
109050 9 261 408 128080 0.9666666666666667
102780 16 464 719 133130 1
111490 10 290 448 140990 0.9666666666666667
110350 6 174 270 129800 0.9333333333333333
110690 11 319 488 138730 1
109930 7 203 320 133320 0.9
108620 7 203 340 130100 0.9666666666666667
108500 10 290 444 130580 0.9666666666666667
104700 11 319 551 125900 1
106340 14 406 624 135260 0.9666666666666667
107640 9 261 402 128800 0.8666666666666667
112560 9 261 401 137190 0.9666666666666667
110590 12 348 537 137160 0.9333333333333333
106410 15 435 667 137830 0.9
105280 7 203 321 138360 1
106230 11 319 489 130010 0.9666666666666667
109370 10 290 460 136820 0.9666666666666667
103900 8 232 360 133070 0.9666666666666667
108800 12 348 538 136090 0.9666666666666667
116800 7 203 330 133810 1
99850 7 203 314 126460 0.9666666666666667
111970 11 319 526 128130 1
104770 12 348 533 134000 1
114390 7 203 314 142160 0.9666666666666667
107070 10 290 447 137950 0.8
111790 10 290 450 136240 1
107380 9 261 413 132780 0.9333333333333333
112520 10 290 445 129960 1
107580 11 319 492 138460 1
105960 10 290 445 133620 0.9666666666666667
112640 6 174 309 129450 0.8333333333333334
110740 7 203 325 128420 0.9666666666666667
112740 9 261 530 139170 0.9333333333333333
111240 11 319 492 132940 0.9
105800 15 435 668 139450 1
111970 8 232 360 130770 0.9333333333333333
103050 10 290 447 134550 0.9333333333333333
113510 7 203 315 137800 1
111130 11 319 508 133980 1
105470 11 319 495 132260 0.9333333333333333
103800 11 319 507 126480 0.8333333333333334
109480 10 290 446 133140 0.9333333333333333
102570 13 377 584 142260 0.9666666666666667
113890 10 290 446 140310 1
108920 13 377 580 138430 1
107400 9 261 441 141540 1
104150 10 290 454 121400 0.9
107560 11 319 491 137120 1
108720 13 377 577 131740 0.9
111410 10 290 446 141950 0.9333333333333333
101030 11 319 491 130350 0.8666666666666667
104390 14 406 621 132920 0.9333333333333333
108520 13 377 577 137660 1
112490 6 174 270 130120 0.9
110990 8 232 360 135160 1
110580 10 290 447 137850 0.9
112010 8 232 377 135530 1
103790 11 319 496 135730 1
106540 11 319 505 128650 0.9666666666666667
108570 10 290 448 135810 0.9666666666666667
105460 13 377 579 135060 0.8
106120 11 319 492 139590 0.9
107600 7 203 315 129270 0.8333333333333334
104960 11 319 489 126660 0.9666666666666667
116820 6 174 273 141240 0.9
105920 11 319 492 139000 0.9333333333333333
106380 11 319 625 136340 1
114610 5 145 226 132430 0.9
109190 7 203 315 137230 0.9666666666666667
110400 7 203 316 139130 0.9666666666666667
103670 16 464 710 142790 1
104760 16 464 709 128610 1
110130 9 261 440 135580 0.9666666666666667
105210 9 261 405 133490 0.8666666666666667
112700 7 203 462 133860 0.9666666666666667
104870 14 406 621 131920 0.8666666666666667
109850 12 348 548 134050 1
102040 11 319 650 134120 0.8
112350 8 232 362 129860 0.8666666666666667
108300 10 290 452 130840 0.9333333333333333
110000 12 348 551 136420 0.9333333333333333
100560 19 551 857 135180 1
110670 10 290 447 136170 0.9666666666666667
112970 10 290 446 135080 0.9666666666666667
107670 13 377 586 135310 1
107050 13 377 579 131520 0.8666666666666667
105970 11 319 491 134770 1
106220 12 348 556 123090 0.9333333333333333
118250 5 145 226 129200 0.9666666666666667
114240 9 261 403 137840 0.9333333333333333
105540 15 435 675 136010 1
109940 7 203 313 131930 0.9666666666666667
107000 9 261 408 140290 0.9666666666666667
106010 11 319 490 136570 0.9666666666666667
109230 7 203 446 127600 0.9
108840 9 261 404 121930 1
111730 12 348 536 133720 1
104590 14 406 624 135840 1
115040 6 174 272 135670 1
104370 15 435 667 139640 0.8333333333333334
105420 8 232 358 130730 0.8666666666666667
106480 10 290 459 134340 1
102550 13 377 575 129520 0.9333333333333333
112580 6 174 294 130230 0.9666666666666667
103580 13 377 580 135240 1
103330 12 348 534 138770 1
108280 10 290 450 136290 0.9666666666666667
102760 12 348 547 134570 0.8333333333333334
108750 9 261 459 142290 1
105980 9 261 401 127500 0.9
110910 9 261 409 140670 0.9333333333333333
110630 7 203 315 121070 0.9
98690 22 638 984 139350 0.9666666666666667
101760 17 493 753 128480 0.9666666666666667
114270 4 116 182 126960 0.9
109940 9 261 403 127960 1
107090 12 348 554 135240 0.9666666666666667
105400 16 464 883 138130 0.9333333333333333
110940 8 232 422 139290 0.9666666666666667
112430 9 261 400 129070 0.9333333333333333
108520 7 203 383 125730 0.9333333333333333
106490 9 261 404 131260 0.9666666666666667
109530 10 290 448 136650 0.9666666666666667
106580 9 261 410 136810 0.9
104900 13 377 611 133950 0.9666666666666667
108070 10 290 448 136030 0.9333333333333333
108890 11 319 490 134960 1
113810 8 232 359 145220 0.9333333333333333
105830 11 319 492 133560 1
110920 6 174 272 129530 0.9666666666666667
111660 8 232 358 138570 0.9333333333333333
111310 9 261 534 131550 0.9333333333333333
108300 11 319 518 135260 0.9333333333333333
107150 10 290 448 129430 0.8333333333333334
108250 9 261 402 133420 0.9666666666666667
109250 11 319 660 134070 0.9666666666666667
107680 12 348 551 130220 1
111670 10 290 564 134750 0.9666666666666667
117360 6 174 356 137460 0.9666666666666667
106000 8 232 476 133780 0.9666666666666667
114610 7 203 315 141970 0.9333333333333333
105740 12 348 540 139720 0.9666666666666667
105560 9 261 413 131570 0.9666666666666667
116240 6 174 279 135860 0.9333333333333333
113250 8 232 439 138580 1
101670 15 435 702 134600 0.8333333333333334
108710 12 348 554 138400 1
111650 12 348 547 135220 1
107210 14 406 645 129320 0.9666666666666667
110920 10 290 473 141640 1
113470 7 203 313 128590 1
111700 9 261 404 139260 0.9666666666666667
106950 10 290 539 135950 1
106900 9 261 498 130990 0.9
100240 16 464 713 132660 0.7666666666666667
105510 11 319 492 136300 0.9
105970 12 348 650 136160 1
107580 11 319 488 136630 0.9666666666666667
111200 8 232 383 135650 0.9333333333333333
110120 10 290 483 133090 1
105090 15 435 822 142360 0.8666666666666667
113330 6 174 353 135840 0.9666666666666667
107410 13 377 672 137870 0.9666666666666667
115730 9 261 405 134010 0.9
109900 9 261 484 141480 0.8333333333333334
108150 14 406 628 135760 0.9
106380 11 319 510 136030 0.9666666666666667
105300 11 319 623 140760 0.8666666666666667
110010 11 319 617 136760 0.9666666666666667
107100 9 261 442 131820 1
108820 8 232 358 141280 0.9
110130 15 435 661 133430 1
105010 12 348 535 132680 1
112400 8 232 377 138600 0.9333333333333333
107220 17 493 807 138110 0.9333333333333333
