108983 24 1416 8672 110158 0.95
109259 12 708 5153 110098 0.9833333333333333
109238 16 944 5770 110148 0.95
109208 15 885 5663 110070 0.95
109110 19 1121 6864 110183 0.9833333333333333
109230 13 767 5103 110076 0.95
109617 7 413 2582 110075 0.9833333333333333
109266 12 708 4352 109900 1
109094 21 1239 7987 110148 1
109315 11 649 4467 109761 0.9833333333333333
108991 19 1121 7444 109868 1
109084 20 1180 8201 110058 1
109132 17 1003 6434 110207 1
109549 10 590 4035 110115 0.9833333333333333
109560 11 649 3973 110034 1
108924 27 1593 10499 109993 0.9833333333333333
109214 20 1180 8286 109945 0.9666666666666667
109434 11 649 4010 110128 0.95
109569 11 649 3998 110342 0.9666666666666667
108961 27 1593 10707 110172 0.9833333333333333
108844 29 1711 12176 110129 1
109461 12 708 4473 110210 0.9666666666666667
108952 26 1534 10018 110045 0.9666666666666667
108912 22 1298 8562 109974 0.9833333333333333
109197 12 708 4965 109935 1
109461 12 708 4383 110000 0.9666666666666667
109366 12 708 4614 109905 1
108989 22 1298 8062 110154 0.9833333333333333
109171 20 1180 8369 109967 1
109232 9 531 3362 109831 0.9833333333333333
109421 12 708 5395 110140 1
109281 14 826 5821 109938 0.9833333333333333
109029 19 1121 7206 110103 0.9666666666666667
109480 13 767 4913 110364 0.9666666666666667
109102 22 1298 8456 110095 0.9833333333333333
109410 11 649 4791 110250 0.9833333333333333
109267 17 1003 7246 110250 1
109553 9 531 4671 110000 1
109429 13 767 5018 110165 1
109618 8 472 2921 110243 0.9833333333333333
109014 29 1711 10467 110324 0.9833333333333333
108854 27 1593 10272 110087 0.95
109554 9 531 3723 110113 1
109265 15 885 5625 110337 1
109364 13 767 5861 110139 1
108907 28 1652 12689 110127 0.95
109633 9 531 4141 110216 0.9833333333333333
109068 19 1121 6870 110138 0.9833333333333333
109113 19 1121 6886 110069 1
109467 15 885 5433 110390 1
109185 16 944 6170 109948 0.9666666666666667
109422 11 649 3998 110031 1
109051 28 1652 10795 110099 0.9666666666666667
109377 10 590 3768 110025 0.9833333333333333
109141 17 1003 6600 110246 0.9833333333333333
109278 15 885 7468 110231 0.9833333333333333
109300 15 885 5523 110043 1
108966 23 1357 8573 110204 1
109191 12 708 4418 109991 0.9833333333333333
109301 16 944 6271 110147 0.95
109256 12 708 4841 110042 0.9666666666666667
109205 18 1062 6524 109960 0.9833333333333333
109379 8 472 2901 110038 0.9833333333333333
109134 17 1003 7935 109801 0.9833333333333333
109318 8 472 2889 109943 0.9333333333333333
109659 9 531 3393 110229 0.9666666666666667
109310 16 944 5820 110095 1
109005 24 1416 9786 110172 1
109531 11 649 4019 109994 0.9833333333333333
109405 15 885 6337 110098 0.9833333333333333
109140 8 472 3353 109834 0.95
109082 21 1239 7731 110010 0.9833333333333333
109214 18 1062 7080 110149 1
109385 17 1003 6159 110156 1
109159 26 1534 9414 110185 1
109593 7 413 2536 109928 0.9833333333333333
109002 22 1298 8060 110032 0.9666666666666667
109144 18 1062 6637 109985 0.9833333333333333
109046 18 1062 6760 110127 1
109132 16 944 6540 110101 1
109300 15 885 5409 109967 0.9833333333333333
109118 17 1003 6149 110215 0.9666666666666667
109521 5 295 1810 109954 1
109316 16 944 5799 109926 1
109407 16 944 5765 110281 0.95
108981 27 1593 11795 110170 0.9833333333333333
109037 27 1593 11636 110265 0.9833333333333333
109170 16 944 6906 110128 0.9833333333333333
109738 5 295 2334 110153 0.9666666666666667
109077 19 1121 8578 110176 0.9666666666666667
109540 5 295 1849 109891 0.9833333333333333
109039 22 1298 8723 110302 1
109322 15 885 5424 110164 1
109178 17 1003 7983 109869 0.9833333333333333
109082 18 1062 6515 110101 0.9833333333333333
109446 17 1003 6163 110195 1
109039 22 1298 7969 110129 0.9666666666666667
109228 16 944 5802 110014 0.9666666666666667
109760 5 295 1814 110167 0.9833333333333333
108990 31 1829 11622 110450 1
109369 8 472 3213 110101 0.9833333333333333
109705 9 531 3331 110354 1
108962 31 1829 11920 110140 0.9833333333333333
109277 14 826 5045 110174 0.9666666666666667
108936 23 1357 8424 110100 0.9333333333333333
108828 28 1652 10118 110254 0.9666666666666667
109380 11 649 4379 110216 0.9833333333333333
109119 18 1062 6721 110075 0.95
109366 14 826 5040 110151 1
109007 29 1711 10832 110360 0.9666666666666667
109662 8 472 3090 110286 0.9833333333333333
109329 12 708 4372 110385 0.9833333333333333
109554 6 354 2556 110024 1
108956 21 1239 10284 110048 0.9833333333333333
109229 18 1062 6652 110279 0.9833333333333333
109357 10 590 3650 110101 1
109827 3 177 1086 110145 0.95
109498 8 472 2922 110051 0.9833333333333333
109270 10 590 3645 110144 0.9833333333333333
109359 18 1062 6789 110288 0.9833333333333333
109130 22 1298 8492 110260 1
109344 19 1121 6864 110389 0.9833333333333333
109546 10 590 3742 110261 0.9833333333333333
109394 12 708 5171 110016 1
109113 22 1298 9018 110283 0.9666666666666667
109126 18 1062 6706 110236 0.9833333333333333
109306 15 885 5473 110137 0.9166666666666666
109122 14 826 5193 109878 0.9833333333333333
109223 20 1180 8138 110040 0.9833333333333333
109517 6 354 2236 109952 1
109229 15 885 5907 110121 0.9666666666666667
109538 6 354 2175 110015 0.9833333333333333
109043 30 1770 12669 110053 1
109217 15 885 5742 110223 0.9833333333333333
109177 20 1180 8810 109946 1
109847 6 354 2234 110288 0.9833333333333333
108993 20 1180 7283 110067 0.9833333333333333
109118 19 1121 7817 110193 0.9666666666666667
109489 9 531 3626 109953 0.9666666666666667
109370 14 826 5487 110083 0.95
109445 8 472 3034 110003 0.95
109101 14 826 5064 110097 0.9833333333333333
109334 14 826 5589 109979 1
109235 17 1003 6480 109989 0.95
108954 23 1357 9422 110147 0.95
108863 26 1534 9967 109997 0.9833333333333333
109844 4 236 1460 110240 0.9833333333333333
109410 14 826 5533 110205 1
109222 14 826 5271 110053 0.95
109850 5 295 1940 110163 1
109611 6 354 2225 110051 0.9333333333333333
109287 16 944 6494 110299 0.9666666666666667
109303 13 767 4918 110202 1
109036 23 1357 8496 110094 1
109256 12 708 4361 110039 0.95
109271 18 1062 7467 110100 0.9166666666666666
109384 10 590 4601 110123 0.9666666666666667
109401 12 708 4908 110239 1
109333 18 1062 7642 110324 1
109053 23 1357 9023 110164 1
110063 2 118 726 110195 1
109289 10 590 3705 110028 0.9666666666666667
109197 19 1121 8185 110116 0.9833333333333333
109310 10 590 3625 109752 1
109342 25 1475 9263 110224 1
109416 11 649 4087 109965 0.9666666666666667
109276 10 590 4412 110074 1
109410 8 472 2951 110116 0.9833333333333333
109207 20 1180 7301 110085 1
109261 13 767 5076 109923 0.9333333333333333
109281 15 885 6360 110058 0.9666666666666667
109175 19 1121 7126 110205 0.9833333333333333
109349 16 944 6218 110207 0.95
109185 14 826 5142 109992 0.9833333333333333
109135 16 944 6681 110028 0.9666666666666667
109123 16 944 5877 109968 1
109352 14 826 5102 110152 0.95
109034 24 1416 8771 110313 1
109070 17 1003 6568 109813 1
109342 16 944 8012 110007 1
109082 21 1239 7703 110228 1
109256 15 885 5880 110190 0.95
109010 21 1239 7669 109924 0.9833333333333333
109731 5 295 1828 110090 0.9666666666666667
109323 15 885 5432 110288 0.9833333333333333
109374 15 885 5695 110153 0.9666666666666667
109449 11 649 4088 110283 0.9833333333333333
109360 16 944 7418 110257 1
109101 15 885 6065 110034 0.9666666666666667
109277 9 531 3749 109830 0.9833333333333333
109098 16 944 6491 110166 0.9833333333333333
109265 18 1062 7367 110485 1
109078 25 1475 9863 110212 1
108984 19 1121 8517 109930 0.9666666666666667
109300 17 1003 7799 110068 0.9666666666666667
109326 14 826 5801 110041 0.95
109716 8 472 3042 110156 0.9666666666666667
109205 16 944 6210 110080 0.9833333333333333
109056 23 1357 9250 110299 0.9833333333333333
109193 16 944 6522 110041 1
109200 16 944 7073 110093 1
108942 24 1416 10214 110296 1
109322 15 885 6044 110088 1
109639 7 413 2742 110043 0.9833333333333333
109155 18 1062 8429 110104 1
109191 17 1003 7094 110009 1
109138 21 1239 9883 109976 0.95
109347 12 708 4903 109932 0.9833333333333333
109737 6 354 3731 110063 0.95
109756 3 177 1217 109960 1
109176 21 1239 8949 110247 0.9666666666666667
109452 13 767 5442 110185 0.9833333333333333
109088 23 1357 11321 110196 0.9666666666666667
109083 18 1062 7894 110115 1
109465 8 472 3864 109934 1
109242 17 1003 6949 110033 1
109503 10 590 4648 110102 0.9666666666666667
109392 8 472 4903 109948 0.9666666666666667
109165 18 1062 8189 110180 0.9833333333333333
109472 12 708 5421 110177 0.9833333333333333
109079 21 1239 8882 110259 0.9666666666666667
109644 10 590 3783 110164 1
109229 16 944 6166 110079 1
109778 6 354 2444 110150 1
109245 17 1003 7758 110054 1
109211 17 1003 7664 110183 1
109614 8 472 5511 110021 1
109166 19 1121 7344 109959 0.9333333333333333
109252 17 1003 18839 110051 0.9833333333333333
109284 15 885 6054 110216 0.9833333333333333
109532 12 708 5996 110310 0.9833333333333333
109458 12 708 5030 110094 1
109171 14 826 6315 110007 0.9166666666666666
109200 17 1003 7411 110098 1
109400 12 708 5077 110010 0.9833333333333333
109550 7 413 3089 109973 1
109691 5 295 2025 110023 1
109470 10 590 4404 109919 1
109047 23 1357 9188 110028 1
109499 8 472 3389 110094 0.9333333333333333
109295 12 708 5843 110004 1
109168 20 1180 9063 110157 1
109353 13 767 5734 110106 1
109528 9 531 3365 110037 0.9666666666666667
109133 20 1180 8117 110064 1
109283 10 590 3854 110111 0.9833333333333333
109110 20 1180 9842 110252 1
109306 8 472 3404 110015 1
109312 15 885 8065 110072 1
109625 8 472 2945 110160 0.9666666666666667
108898 26 1534 10511 110168 0.9666666666666667
109184 19 1121 7665 109906 1
109122 22 1298 8821 110287 1
109744 7 413 3194 110384 0.9833333333333333
109373 17 1003 7874 110311 0.9833333333333333
109523 3 177 1126 109719 0.9833333333333333
109794 4 236 1678 110087 0.9833333333333333
109416 11 649 4819 110072 0.9833333333333333
109334 15 885 6349 110256 0.95
109012 21 1239 8875 110059 0.9666666666666667
109171 15 885 7570 110134 0.9833333333333333
109184 17 1003 8061 110022 0.9833333333333333
109461 12 708 5006 110089 0.9833333333333333
108911 27 1593 11400 109982 0.9666666666666667
109191 13 767 5588 110026 0.9833333333333333
109140 22 1298 9100 109947 0.9833333333333333
108765 29 1711 11929 110118 0.9333333333333333
109391 10 590 4206 110001 0.9666666666666667
109533 11 649 4645 110124 0.9833333333333333
108959 23 1357 9199 110032 0.95
109505 9 531 3661 110033 0.9833333333333333
109137 18 1062 7473 109941 0.9666666666666667
109183 23 1357 9889 110232 1
109529 8 472 3554 109920 1
109220 13 767 6180 109803 0.9833333333333333
109228 18 1062 7889 110218 1
109387 16 944 6489 110212 1
109244 14 826 7258 110216 0.9833333333333333
109006 29 1711 11489 110215 0.9833333333333333
109218 12 708 5758 109928 1
109277 12 708 5101 109980 0.95
109236 13 767 5655 109959 0.9833333333333333
109370 14 826 7079 110171 0.9666666666666667
109404 11 649 4434 110153 1
109574 6 354 2599 110046 0.9833333333333333
109120 17 1003 7474 110125 0.95
109397 12 708 4828 110128 0.9833333333333333
109433 8 472 3687 109941 0.9833333333333333
109517 12 708 4690 110098 0.9833333333333333
109087 20 1180 8914 110146 1
109382 9 531 3672 109907 0.9833333333333333
109535 11 649 5465 110135 0.9666666666666667
109204 14 826 6071 110158 1
109002 27 1593 11595 110443 1
109384 9 531 4358 109833 1
109334 13 767 5684 110048 0.9333333333333333
109376 12 708 9782 110162 0.9333333333333333
109336 16 944 6646 110052 1
109192 15 885 6720 110112 0.9833333333333333
109581 10 590 4865 110420 0.9833333333333333
