172144 28 1932 18833 173628 0.9714285714285714
172767 13 897 9421 173578 1
172167 33 2277 21265 173874 0.9857142857142858
172446 19 1311 14058 173569 0.9857142857142858
172351 24 1656 17197 173992 0.9857142857142858
172677 24 1656 18030 174102 0.9857142857142858
172254 27 1863 17156 173755 0.9857142857142858
171987 36 2484 23266 173744 0.9857142857142858
172777 13 897 8732 173796 1
172967 12 828 9729 173897 0.9857142857142858
172368 27 1863 18541 173602 0.9857142857142858
172272 29 2001 19575 174085 1
172254 21 1449 15258 173665 1
172737 15 1035 10581 173980 0.9857142857142858
172458 16 1104 11949 173390 1
172849 15 1035 9887 173976 0.9857142857142858
172519 18 1242 13352 173977 1
172345 27 1863 20252 173815 0.9428571428571428
173022 11 759 7617 173723 0.9714285714285714
172547 21 1449 14502 173935 0.9571428571428572
173128 14 966 10947 173912 1
173061 13 897 8755 174056 1
172700 15 1035 9818 173587 1
172079 32 2208 20608 173941 0.9857142857142858
172680 19 1311 12665 173835 0.9857142857142858
172503 24 1656 17418 173710 0.9714285714285714
172317 31 2139 20062 173852 0.9714285714285714
172570 14 966 9610 173447 0.9571428571428572
173227 9 621 5797 173837 0.9857142857142858
172291 26 1794 17467 173509 0.9571428571428572
172545 19 1311 12550 173724 0.9857142857142858
173260 10 690 7233 174136 0.9857142857142858
172197 28 1932 18387 173444 0.9571428571428572
172265 25 1725 15655 173784 0.9857142857142858
172615 19 1311 12443 173764 0.9714285714285714
173137 11 759 7770 173835 0.9857142857142858
172431 25 1725 16219 173742 1
172590 24 1656 15700 173722 0.9857142857142858
172316 22 1518 14762 173740 1
172672 22 1518 15096 174036 1
172511 20 1380 12719 173763 1
172211 26 1794 18895 173696 1
172546 23 1587 15391 173776 1
172278 22 1518 14644 173641 0.9857142857142858
172438 21 1449 13745 173873 0.9857142857142858
172227 26 1794 16350 173598 0.9571428571428572
172330 20 1380 12858 173524 0.9857142857142858
172632 19 1311 11686 173978 0.9857142857142858
172949 15 1035 9881 173966 1
172380 21 1449 14841 173617 0.9857142857142858
172822 18 1242 11999 173887 1
172804 17 1173 11226 173723 0.9857142857142858
172568 17 1173 11641 173469 0.9857142857142858
172698 22 1518 14912 173984 0.9857142857142858
172668 15 1035 9532 173557 1
172246 30 2070 20273 173810 0.9857142857142858
172707 20 1380 13725 173995 0.9857142857142858
172403 25 1725 17184 173772 0.9857142857142858
172352 26 1794 17948 173901 0.9571428571428572
172359 24 1656 15289 173522 1
172625 21 1449 12861 173872 0.9857142857142858
173282 6 414 4241 173720 0.9857142857142858
172450 20 1380 12439 173512 0.9857142857142858
172552 16 1104 10295 173535 0.9857142857142858
172661 17 1173 12049 173430 1
172570 19 1311 15522 173562 1
172637 16 1104 10291 173763 0.9714285714285714
172680 19 1311 13588 173753 0.9571428571428572
172376 29 2001 18248 173826 0.9571428571428572
173248 6 414 4514 173924 0.9857142857142858
172530 22 1518 15596 173767 0.9714285714285714
172225 29 2001 19336 173977 0.9857142857142858
172250 32 2208 22807 173922 1
172459 17 1173 13290 173588 1
172212 31 2139 19723 173710 0.9571428571428572
172489 20 1380 14141 173712 0.9714285714285714
172688 16 1104 10158 173766 0.9714285714285714
172891 14 966 10127 173735 1
172728 15 1035 9896 173713 0.9714285714285714
172227 27 1863 17471 173740 0.9571428571428572
172702 19 1311 13272 173903 1
172748 16 1104 10623 173705 0.9714285714285714
172172 28 1932 17887 173879 0.9714285714285714
172320 29 2001 19419 173893 0.9714285714285714
172360 27 1863 18023 173852 0.9428571428571428
172631 15 1035 10666 173542 0.9857142857142858
172754 14 966 9048 173605 0.9714285714285714
172799 15 1035 9997 173608 1
172470 23 1587 15983 173951 1
172835 12 828 8667 173770 1
172172 27 1863 18772 173712 1
172411 25 1725 20297 173832 0.9857142857142858
172877 14 966 10547 173800 1
172332 27 1863 18594 173775 0.9714285714285714
173491 3 207 2175 173679 1
172772 12 828 7346 173584 0.9714285714285714
172162 34 2346 24649 173767 0.9857142857142858
172897 11 759 8060 173744 1
171924 35 2415 23926 173805 1
172832 13 897 9592 173518 1
172478 21 1449 13402 174118 0.9857142857142858
172423 19 1311 12482 173447 0.9714285714285714
172637 16 1104 10764 173739 0.9571428571428572
172531 24 1656 14568 173730 0.9714285714285714
172617 19 1311 11765 173636 1
172427 24 1656 17702 173885 0.9857142857142858
172781 18 1242 11376 173881 0.9571428571428572
172669 19 1311 11884 173736 1
172738 16 1104 9851 173731 0.9857142857142858
172429 25 1725 15528 173880 0.9857142857142858
172457 21 1449 13454 173509 0.9857142857142858
172157 31 2139 22935 173623 0.9714285714285714
172599 18 1242 12560 173462 1
172571 14 966 11040 173662 1
172892 16 1104 11061 174069 1
172848 12 828 9115 173730 0.9714285714285714
172503 28 1932 21281 173851 0.9857142857142858
172389 27 1863 19211 174042 0.9857142857142858
172810 13 897 8556 173838 1
172238 28 1932 18711 173615 1
173242 10 690 6308 174174 0.9571428571428572
172529 23 1587 15038 173854 0.9714285714285714
172070 37 2553 25347 173749 0.9857142857142858
172468 24 1656 18543 173773 1
172875 18 1242 12060 174059 0.9857142857142858
172511 20 1380 12849 173626 1
172290 28 1932 17730 173620 0.9714285714285714
172033 33 2277 22767 173927 0.9714285714285714
172531 19 1311 11931 173764 0.9714285714285714
172833 15 1035 10038 173823 1
172405 21 1449 13216 173544 0.9714285714285714
172029 39 2691 25550 173798 0.9857142857142858
172594 23 1587 16143 173774 1
172502 27 1863 20246 173872 0.9571428571428572
173292 5 345 3777 173715 0.9857142857142858
172550 18 1242 12725 173506 1
172717 19 1311 11842 173705 1
173228 7 483 4473 173773 0.9857142857142858
172564 17 1173 10648 173583 1
172594 25 1725 18494 174017 0.9857142857142858
172473 22 1518 13703 173797 1
172430 27 1863 16876 173749 1
173124 10 690 7077 173910 0.9571428571428572
172393 25 1725 17275 173923 0.9857142857142858
172866 17 1173 12072 173931 0.9714285714285714
172555 21 1449 13436 173657 1
172781 17 1173 14388 173680 1
173185 6 414 4661 173656 0.9857142857142858
172376 23 1587 14772 173607 1
172576 18 1242 12282 173727 0.9714285714285714
172787 14 966 8480 173860 0.9714285714285714
172672 17 1173 22587 173812 0.9714285714285714
172544 24 1656 16419 173747 0.9857142857142858
172600 17 1173 10383 173744 1
172405 24 1656 19484 173635 1
173028 9 621 5947 173745 0.9857142857142858
172053 31 2139 22065 173527 0.9857142857142858
172836 17 1173 12018 173623 0.9714285714285714
172595 21 1449 14486 173885 0.9571428571428572
172220 26 1794 18172 173647 0.9857142857142858
172489 31 2139 23128 173803 1
172592 20 1380 15217 173903 1
173343 4 276 2563 173781 1
172853 16 1104 11667 173632 0.9285714285714286
173262 6 414 5117 173830 1
172561 18 1242 13156 173513 0.9857142857142858
172080 32 2208 24136 173776 0.9285714285714286
172582 14 966 10222 173555 0.9428571428571428
172358 20 1380 14373 173503 0.9714285714285714
172434 14 966 9831 173479 1
172457 28 1932 17400 174487 1
172629 22 1518 14198 173939 1
172155 32 2208 20671 173961 1
172988 10 690 6274 173948 0.9714285714285714
172321 28 1932 20247 173856 1
172592 23 1587 16563 173873 0.9714285714285714
172419 19 1311 12098 173464 0.9714285714285714
172206 31 2139 18909 173880 0.9857142857142858
172618 19 1311 12971 173840 1
173004 13 897 9547 174017 0.9428571428571428
172452 17 1173 11904 173756 0.9857142857142858
172455 25 1725 17797 173698 0.9857142857142858
172367 26 1794 21023 173839 0.9857142857142858
172753 14 966 11307 173883 0.9714285714285714
172674 12 828 8071 173677 0.9714285714285714
172518 16 1104 10817 173579 1
172248 26 1794 16966 174089 0.9571428571428572
172979 8 552 5393 173557 1
172679 10 690 6638 173397 0.9714285714285714
172394 23 1587 17636 173771 0.9714285714285714
172321 24 1656 18522 173834 0.9857142857142858
172391 25 1725 17298 173667 0.9714285714285714
172850 14 966 11042 173600 0.9857142857142858
172223 25 1725 27296 173707 0.9857142857142858
173261 10 690 7134 174027 1
172905 16 1104 11489 173907 0.9857142857142858
172350 21 1449 16396 173664 1
172640 18 1242 13923 173742 0.9714285714285714
173173 8 552 5105 173822 0.9857142857142858
172221 32 2208 26506 173827 0.9714285714285714
172980 10 690 6208 173715 0.9857142857142858
172452 22 1518 14562 173489 0.9857142857142858
172529 22 1518 14304 173775 1
172909 11 759 7252 173588 0.9857142857142858
172912 11 759 8941 173719 0.9714285714285714
172625 19 1311 13062 173892 0.9857142857142858
172795 17 1173 10873 173758 0.9857142857142858
172643 19 1311 12989 173706 1
172583 23 1587 14943 174080 0.9428571428571428
173282 9 621 5470 173947 1
172744 18 1242 11959 173720 0.9857142857142858
173305 9 621 6075 173876 0.9857142857142858
172143 28 1932 18441 173629 0.9571428571428572
172650 20 1380 12411 174032 0.9714285714285714
172028 32 2208 24147 173611 0.9857142857142858
172309 25 1725 87179 173703 0.9714285714285714
172537 17 1173 11420 173509 1
172230 22 1518 15441 173458 0.9857142857142858
172490 19 1311 14441 173487 0.9857142857142858
172262 26 1794 18919 173786 1
172438 23 1587 15396 173647 0.9857142857142858
172101 28 1932 18525 173711 0.9714285714285714
172462 23 1587 16008 173589 1
172677 19 1311 13517 173754 0.9285714285714286
172287 22 1518 16772 173573 0.9571428571428572
172233 31 2139 20182 174173 1
172227 28 1932 18871 173617 1
173158 11 759 6813 173988 0.9857142857142858
172252 31 2139 20171 173904 0.9857142857142858
172783 17 1173 10102 173589 1
172409 25 1725 16393 173824 0.9714285714285714
172430 23 1587 15269 173853 0.9714285714285714
172511 21 1449 14079 173788 0.9857142857142858
172904 11 759 7681 173616 1
172757 13 897 8682 173755 0.9857142857142858
172637 19 1311 12737 174047 1
172337 26 1794 18048 173796 0.9857142857142858
172217 31 2139 19755 173816 1
172912 15 1035 9937 173855 0.9857142857142858
172885 13 897 10441 173890 0.9714285714285714
172478 21 1449 14427 173807 0.9714285714285714
172407 24 1656 21060 174100 1
172877 18 1242 12718 173942 0.9714285714285714
172228 34 2346 24502 173811 0.9857142857142858
172468 21 1449 14267 173718 1
172736 14 966 8590 173712 1
172855 11 759 7453 173594 1
172420 28 1932 18699 173991 0.9857142857142858
172428 21 1449 14055 173645 1
172328 29 2001 19755 173669 0.9571428571428572
172322 25 1725 16567 173632 0.9857142857142858
172572 18 1242 11991 173792 1
172953 14 966 10091 173758 1
172902 12 828 7094 173685 0.9857142857142858
172626 20 1380 14739 173826 0.9428571428571428
172493 24 1656 15684 173877 0.9714285714285714
172810 10 690 6073 173769 0.9571428571428572
172484 24 1656 16101 173764 0.9857142857142858
172232 31 2139 20010 173888 1
173006 9 621 6494 173586 1
172906 11 759 6991 173635 0.9857142857142858
172962 16 1104 9680 173921 1
172489 20 1380 16879 173617 1
172129 36 2484 24655 174164 0.9428571428571428
172279 28 1932 19140 173954 0.9571428571428572
172285 28 1932 22161 173778 0.9857142857142858
172080 25 1725 16589 173623 0.9857142857142858
172420 21 1449 15809 173771 0.9857142857142858
172456 16 1104 12240 173598 0.9714285714285714
172625 23 1587 17126 174147 1
172464 18 1242 12800 173681 0.9714285714285714
172500 22 1518 15318 173791 0.9857142857142858
173034 14 966 8806 173990 0.9714285714285714
173074 7 483 4235 173559 1
172609 21 1449 14726 174076 1
172355 30 2070 18746 173753 0.9857142857142858
172098 31 2139 21807 173835 0.9714285714285714
172154 31 2139 21340 173894 0.9857142857142858
172546 19 1311 12102 173634 0.9857142857142858
172663 20 1380 12314 173857 0.9857142857142858
173321 4 276 2424 173568 1
173360 5 345 3154 173702 1
172508 19 1311 13394 173539 0.9857142857142858
172558 20 1380 15662 173866 1
172795 16 1104 10824 173789 0.9857142857142858
172482 19 1311 12854 173647 1
172221 35 2415 22080 174069 0.9857142857142858
172594 23 1587 15738 173562 0.9714285714285714
171981 34 2346 21372 173552 1
172599 23 1587 13847 173834 0.9857142857142858
172799 12 828 7607 173832 1
172427 20 1380 13518 173770 0.9571428571428572
173033 10 690 7107 173806 0.9857142857142858
172624 15 1035 9578 173698 0.9857142857142858
172588 21 1449 15217 173891 0.9857142857142858
172286 30 2070 20424 173934 1
172644 17 1173 11655 173828 1
172931 11 759 7363 173599 1
172522 14 966 9298 173861 1
172230 35 2415 26349 173924 0.9285714285714286
