280598 13 507 1410 348898 0.95
280914 12 468 1290 334460 0.95
288398 10 390 1082 322154 0.975
270354 24 936 3083 346084 0.925
292932 5 195 544 313158 1
279578 10 390 1079 340808 0.925
277722 13 507 1552 338848 1
273788 19 741 2147 346920 1
274340 13 507 1735 353550 0.95
275670 14 546 1508 329376 0.95
271454 18 702 1982 341470 0.975
265870 20 780 2611 347848 0.975
273134 17 663 2444 337932 0.925
269984 17 663 1827 343878 0.925
274350 16 624 1842 348708 0.95
275064 20 780 2243 344656 0.9
287356 11 429 1279 341744 0.95
287616 14 546 1508 344202 0.975
275174 16 624 1791 358514 0.975
273178 15 585 1652 337542 0.95
271584 20 780 2161 358900 0.975
267068 21 819 2240 356366 0.925
277308 13 507 1404 332666 0.95
272626 20 780 2146 331820 0.95
273928 15 585 1619 329000 0.95
284094 10 390 1089 338956 0.925
266794 22 858 2426 341742 0.95
267718 27 1053 3038 359212 0.925
277630 15 585 1628 357794 0.975
278336 15 585 1613 352860 0.975
266490 22 858 2571 329916 0.975
277442 18 702 2084 343466 0.95
289944 9 351 987 335980 1
281326 16 624 1719 338120 0.95
296220 6 234 665 320822 0.975
280754 13 507 1411 349086 0.975
276950 16 624 1737 349986 0.925
268686 19 741 2098 345588 1
297508 8 312 867 339052 1
285632 11 429 1184 335612 1
273880 14 546 1882 333202 1
281150 16 624 1875 324040 0.975
287136 12 468 1291 357100 0.95
272874 21 819 2486 339182 0.975
276766 11 429 1405 332722 0.975
271776 15 585 1626 343946 1
269052 23 897 2643 349414 0.925
271476 13 507 1878 338036 0.975
279990 15 585 2947 335962 0.9
278678 15 585 1656 333542 0.925
271396 14 546 1611 345702 0.95
278368 17 663 1993 330596 0.95
287918 10 390 1294 341882 0.975
276468 20 780 2157 347376 0.95
274108 15 585 1615 340434 0.925
271532 17 663 1824 335544 0.975
286810 12 468 1309 326376 1
274776 16 624 1719 338594 0.975
269976 21 819 2795 345304 0.925
272516 15 585 1938 335802 1
270596 18 702 2895 350704 0.975
270140 17 663 2066 331226 0.975
271578 14 546 1555 337644 0.9
277738 13 507 1425 338594 0.975
277558 19 741 2737 339206 0.975
296636 9 351 1304 351904 0.975
283548 18 702 1930 343554 0.975
283304 11 429 1187 330096 0.95
282020 15 585 1680 357622 0.95
281272 13 507 1421 345950 0.975
287706 13 507 1438 352430 0.975
295920 9 351 978 333598 0.975
268872 13 507 1393 335210 0.925
274944 19 741 2081 355830 0.975
274474 15 585 1609 345898 0.975
269968 21 819 2945 341938 1
262232 17 663 1917 331670 0.95
269084 16 624 1710 346136 0.975
271682 19 741 2036 344396 0.975
281126 17 663 1830 350726 0.975
276158 18 702 1932 344980 0.95
282346 14 546 1610 340430 0.975
273316 21 819 3023 344842 1
289164 9 351 1146 346042 0.875
269276 20 780 2236 335582 1
265138 21 819 2284 331016 0.925
285424 8 312 866 331686 0.975
274596 16 624 2078 337488 0.9
283048 14 546 1510 345650 0.975
275926 15 585 1621 338724 0.975
290262 9 351 989 340844 0.95
300322 10 390 1081 336352 0.975
275588 17 663 1961 320296 0.925
283620 8 312 1171 341926 0.95
273630 18 702 2040 349546 0.9
281112 18 702 2094 355892 0.925
279622 17 663 2345 335932 1
290318 7 273 773 338460 0.925
274768 15 585 1628 354138 0.975
284258 14 546 1628 354612 0.95
290028 11 429 1457 333064 0.975
282478 10 390 1134 340676 0.875
292724 13 507 1411 345588 0.925
287152 15 585 1834 342916 0.975
286772 15 585 1818 349856 0.975
271242 13 507 1406 329974 1
276702 12 468 1299 334606 0.9
288620 7 273 766 311782 0.9
279826 14 546 1505 357954 0.925
271128 16 624 1824 332640 0.975
274668 17 663 1863 341976 0.9
274164 18 702 1975 343336 0.9
280576 17 663 1881 354876 1
278722 17 663 1866 342628 0.975
269426 22 858 2365 352734 0.975
279634 14 546 1515 343818 0.95
268696 20 780 2284 334424 0.95
293016 9 351 976 320896 0.95
277770 20 780 2257 354476 0.95
289130 12 468 1734 355824 0.95
286238 15 585 1609 346440 0.9
276634 17 663 1854 340430 0.975
269418 27 1053 3134 356562 0.975
272750 17 663 1876 322104 1
279268 14 546 1627 350360 1
283788 10 390 1081 353468 0.975
269558 22 858 2353 328844 0.95
274062 14 546 2026 333896 1
271700 14 546 1516 351334 0.975
261570 27 1053 3123 339682 1
282278 16 624 1719 348820 0.95
271742 19 741 2073 345420 0.925
276918 13 507 1393 327384 0.975
284024 13 507 1407 347180 0.975
266262 24 936 2583 345438 0.875
275946 15 585 1628 338692 0.85
298884 12 468 1310 339698 0.925
272874 14 546 1538 343696 0.975
272482 14 546 1504 339592 0.95
292444 9 351 976 340720 0.975
267950 17 663 1825 349462 0.9
272048 15 585 1615 342168 0.95
283556 11 429 1192 335140 1
276584 16 624 4103 334354 0.975
264506 15 585 1609 303146 0.95
277974 15 585 1612 338872 0.95
273846 14 546 1977 331012 0.95
278794 16 624 2094 352312 1
271556 20 780 2985 337094 1
298020 8 312 868 351182 1
270228 20 780 2620 329562 0.925
292334 9 351 974 345088 0.975
280004 13 507 1444 323478 1
283696 12 468 1295 349200 1
275872 17 663 2188 338046 0.95
277292 18 702 1978 354882 0.95
282934 12 468 1305 339338 0.925
265712 17 663 1832 345538 0.925
270868 19 741 2096 331766 1
279178 18 702 2077 338096 0.975
277482 15 585 1617 349976 1
271782 17 663 1936 352370 0.9
267186 18 702 1930 338838 0.925
274408 13 507 1405 332308 0.95
285312 8 312 866 340212 1
283586 11 429 1187 361372 1
277030 14 546 1513 333674 0.95
276076 13 507 1609 329414 0.95
280756 14 546 1550 350626 0.975
280580 17 663 1866 343122 1
268442 21 819 2247 335106 0.95
282360 16 624 1724 335060 0.925
277960 14 546 1889 349644 0.925
287712 11 429 1247 352270 0.95
271530 26 1014 2797 357618 1
275408 13 507 1564 325932 0.95
274994 12 468 1290 347802 1
283296 8 312 1098 331736 0.95
265634 25 975 2796 356000 0.85
282608 11 429 1272 342886 0.95
293140 9 351 977 340830 0.975
287446 11 429 1186 342444 0.975
267386 26 1014 5131 349050 0.925
266626 23 897 2635 358846 1
268796 20 780 2269 349970 0.85
271420 21 819 2260 349788 1
276998 12 468 1293 335240 0.975
282974 13 507 1520 354894 0.975
276028 14 546 1517 342428 0.9
294606 10 390 1103 347620 0.975
281760 14 546 1512 345396 0.95
286584 16 624 1743 355286 0.95
299372 6 234 655 349912 0.975
285954 12 468 1452 337858 0.975
287924 7 273 762 330136 1
283426 12 468 1291 356500 0.975
282208 11 429 1195 329808 0.975
302200 6 234 652 324482 0.975
273604 20 780 2995 338448 0.975
273338 18 702 1935 334272 0.975
266318 16 624 1730 326538 0.925
277204 20 780 2138 328380 1
272114 16 624 1729 324882 0.95
277516 11 429 1185 346644 1
270948 18 702 1940 339432 0.925
296928 8 312 866 343048 0.95
282780 14 546 1512 333160 0.925
285614 12 468 1296 333486 0.975
281206 9 351 979 335934 0.925
277848 15 585 1616 330066 0.875
283418 10 390 1084 342656 0.975
267862 21 819 2514 359336 0.925
282458 18 702 1984 338110 1
279592 13 507 1400 334522 0.9
269016 25 975 2837 354518 1
270606 13 507 1398 326232 0.975
286212 14 546 1507 347936 0.95
299748 6 234 655 337438 0.975
275528 19 741 2044 343300 0.95
267832 23 897 2507 327702 1
265842 14 546 1827 331058 0.95
271740 18 702 2776 347260 0.95
282944 14 546 1861 339176 1
291618 13 507 1493 334312 0.975
264468 16 624 1754 338632 0.95
265018 24 936 2766 335852 0.95
272816 12 468 1290 326446 1
296514 8 312 927 323682 0.975
271886 15 585 1626 349346 0.975
273144 15 585 1620 329470 0.975
274376 20 780 2676 352926 0.875
275674 21 819 2344 347420 0.95
282066 14 546 1675 353978 0.925
274600 15 585 1686 348296 0.925
279322 13 507 1402 348576 0.95
288176 16 624 1724 340462 0.975
285898 13 507 1398 355166 0.975
284384 13 507 1417 343338 0.95
269826 20 780 2243 341662 1
277560 15 585 1646 335668 1
263030 20 780 2363 335900 0.975
271160 14 546 1519 343404 0.975
290672 8 312 863 339044 1
278046 17 663 3071 337368 1
278332 15 585 1670 342724 1
278082 13 507 1606 340648 1
282124 14 546 2024 340096 0.975
290534 12 468 1354 359132 0.875
278056 14 546 1507 334544 0.925
275938 18 702 2370 342398 0.85
289996 13 507 1412 360586 0.925
299596 10 390 1239 337658 0.975
279998 22 858 3369 347646 0.95
277686 15 585 1623 354682 0.925
284634 9 351 981 355572 1
268866 16 624 1714 330874 0.95
286964 10 390 1098 342448 0.975
261796 22 858 2391 346220 1
271180 18 702 2411 340870 0.975
278856 19 741 2036 341266 0.9
280294 12 468 1302 323334 1
280762 11 429 1186 349926 1
292410 10 390 1445 349206 1
266400 22 858 2418 353004 1
272624 20 780 2139 344524 0.975
289354 11 429 1186 350292 0.95
275324 15 585 1610 348420 0.9
278878 15 585 1610 357822 0.95
275296 17 663 2444 354214 0.95
269582 20 780 2493 350662 0.975
282496 17 663 1849 359896 0.975
275796 18 702 2467 342114 0.95
277126 15 585 1618 349240 0.95
267186 16 624 1719 327174 0.975
273268 17 663 1837 320136 0.9
285108 13 507 1396 327380 0.95
274406 15 585 1901 327144 1
273820 14 546 1509 332254 0.975
273258 23 897 2607 341450 0.925
277074 20 780 2521 356814 1
273740 17 663 2449 347944 1
283000 14 546 1644 349358 0.975
291110 11 429 1256 336396 0.925
269676 20 780 2305 348208 0.95
274122 14 546 1530 328886 0.975
275972 18 702 1962 342450 0.975
271134 18 702 1941 331604 0.975
278718 18 702 1938 328114 0.9
270628 18 702 1949 344670 1
294578 9 351 1012 340096 0.975
271066 22 858 2904 339872 0.95
270622 18 702 1937 336238 1
271574 16 624 1797 347064 1
287372 14 546 1515 339208 1
267324 19 741 2046 337162 0.85
267824 23 897 2546 345644 1
274378 20 780 2527 327826 0.975
277144 16 624 1744 325490 1
285228 13 507 1447 337386 0.95
272582 17 663 1825 347266 1
