51156 17 833 3552 54482 1
51468 16 784 3864 54164 0.98
53042 8 392 2053 55460 0.96
52082 15 735 3185 56524 0.94
51042 31 1519 9468 55618 0.98
51500 15 735 3195 55066 1
52344 20 980 4420 54922 0.92
51050 27 1323 6140 55652 0.92
52270 16 784 3347 55918 0.98
52288 8 392 1694 54986 0.98
51504 15 735 3179 55330 0.96
51370 16 784 3435 54582 0.92
51958 15 735 3225 55858 0.96
52222 12 588 3096 56308 0.96
52814 11 539 2348 55536 0.96
51182 23 1127 5740 55420 0.94
51002 21 1029 4994 56088 0.96
53408 7 343 1533 55286 0.92
51772 16 784 4041 55688 1
53374 9 441 2183 55168 0.96
51500 15 735 3604 54336 0.96
50788 23 1127 5177 56132 1
52660 11 539 2467 56000 0.92
51800 17 833 3777 55622 0.96
51222 23 1127 5052 55808 0.94
51714 29 1421 7033 55854 1
52100 15 735 3994 56136 1
51752 16 784 3618 55776 1
51656 17 833 4567 55584 1
51210 20 980 4196 55812 0.98
53062 10 490 2312 55376 1
52496 11 539 2391 55402 0.98
52046 13 637 3152 55258 1
51914 12 588 2653 54554 0.98
51780 16 784 3766 55306 0.94
52146 12 588 2569 55392 0.96
51764 19 931 4275 55274 1
53032 9 441 2346 54836 0.96
51696 12 588 2544 54894 1
51062 30 1470 6617 55702 0.96
52652 9 441 1894 54980 0.98
51478 21 1029 4398 55690 0.94
52282 13 637 2743 55814 0.98
50754 27 1323 5982 55660 1
51230 19 931 4096 56466 0.96
51658 24 1176 6309 56322 0.92
51812 16 784 3474 55344 1
51252 25 1225 6207 54948 0.94
52312 11 539 2510 55140 0.98
52176 9 441 2298 55238 0.96
50698 22 1078 4633 55450 0.88
52450 12 588 2710 55146 0.98
52316 10 490 2103 55438 0.98
52858 9 441 2018 54964 1
51418 21 1029 4840 56054 0.96
51506 23 1127 4873 55340 0.96
51366 21 1029 4657 55766 0.94
51302 21 1029 4510 56242 0.96
50894 23 1127 4903 55300 0.96
51690 13 637 2739 56086 1
50822 25 1225 5451 56430 1
51364 28 1372 6201 56134 0.98
52796 12 588 2559 55402 1
50834 28 1372 5848 56100 0.96
50932 26 1274 5470 54942 0.96
51202 30 1470 7056 55546 0.88
52044 21 1029 4534 55604 0.94
50748 31 1519 6534 55940 0.98
52598 14 686 3094 55362 1
51404 23 1127 5686 55832 1
51752 14 686 3048 56008 0.94
51572 19 931 4153 55886 0.98
51550 19 931 4156 55614 0.84
52076 17 833 4172 55110 1
51392 20 980 5899 55794 0.98
51470 19 931 4303 54722 0.9
51598 21 1029 4429 55592 0.96
52692 13 637 2839 55024 1
51694 14 686 2985 55082 0.92
51550 23 1127 4898 56264 0.98
51176 18 882 4026 55414 0.94
51242 24 1176 5148 55656 0.98
51802 19 931 4220 55728 1
50810 33 1617 7436 55128 0.94
50830 24 1176 5060 55230 1
51152 20 980 4369 55214 0.96
52092 13 637 3505 54862 1
52698 9 441 2176 56178 0.94
51312 20 980 4373 54476 0.96
50884 28 1372 7647 55422 0.94
51568 13 637 2822 56330 0.96
52230 13 637 3109 54974 0.96
51756 18 882 4011 54722 0.9
51116 23 1127 5061 56932 0.92
51458 21 1029 5055 54988 0.96
52004 14 686 2976 55470 0.98
52202 18 882 3785 55214 0.96
52060 14 686 3046 55758 0.94
51624 16 784 3853 54956 1
51622 14 686 2963 55344 0.98
51780 16 784 3607 55248 0.98
51902 20 980 4265 55580 0.98
51506 19 931 4679 55356 1
52112 15 735 4010 55718 0.96
50512 29 1421 6165 55450 0.96
51786 21 1029 4496 55498 0.96
50922 24 1176 5041 55360 0.98
51582 16 784 3358 55658 0.92
50586 27 1323 5916 54838 0.94
51912 16 784 4141 55512 0.94
51740 29 1421 7551 56126 1
51724 17 833 3976 55892 0.88
51726 16 784 8909 55580 0.96
51458 21 1029 4703 55788 0.98
50890 22 1078 4615 55588 0.98
51292 17 833 4311 55724 0.94
52832 12 588 2705 55510 0.94
51456 18 882 3963 55534 1
51640 19 931 3976 54648 0.96
51610 16 784 3353 54730 1
52534 12 588 2836 54776 0.98
51894 18 882 3927 54984 0.96
51840 15 735 3204 56486 0.9
51440 21 1029 4887 55054 0.96
51740 21 1029 4658 55062 0.98
51820 17 833 3847 55286 0.98
51518 17 833 3618 55196 1
52550 8 392 1759 54602 0.96
51774 19 931 4777 55938 0.98
51136 27 1323 5793 55778 0.88
51554 21 1029 4659 55598 0.96
50994 25 1225 5433 55528 1
51468 18 882 4274 55534 0.9
50918 25 1225 5380 54888 0.98
53682 5 245 1049 55400 0.96
52374 16 784 4400 55810 0.98
52154 11 539 2770 55034 0.98
51402 25 1225 6853 55320 0.92
51684 20 980 4334 55404 1
52904 9 441 1940 55528 0.96
51358 19 931 4171 55962 0.98
52654 9 441 2512 55498 0.98
51246 22 1078 4694 55944 0.92
51578 15 735 3231 55218 0.92
52152 12 588 3260 55110 0.96
52150 13 637 2798 56064 0.98
52644 11 539 2445 55724 0.94
51946 12 588 3439 55648 0.96
50410 32 1568 7043 55256 0.9
50966 21 1029 4563 54848 0.98
51290 19 931 4129 55374 0.92
51106 20 980 4199 55756 0.8
50846 20 980 4254 55638 1
51988 16 784 3707 56620 0.96
53454 8 392 1781 55574 0.98
52300 8 392 1862 55440 0.96
51500 15 735 3205 55970 0.92
51420 20 980 4227 55296 0.94
52524 11 539 2321 54768 1
52230 14 686 3489 55764 0.92
52124 11 539 2604 55118 0.98
51648 24 1176 5167 56472 0.98
51832 16 784 4292 55168 0.96
51136 24 1176 5044 55290 0.98
51214 20 980 4269 56630 0.88
52830 7 343 1483 54950 0.96
51552 24 1176 5964 55444 0.98
51506 20 980 4895 56226 0.96
52074 20 980 5187 55720 1
51150 21 1029 4429 56002 0.94
52442 12 588 2526 55554 0.94
51880 16 784 3382 54546 0.96
51618 23 1127 5028 54888 0.98
52016 16 784 4517 55622 0.94
52508 14 686 2939 55404 0.96
51124 29 1421 6566 56378 0.98
52324 13 637 3911 55566 0.98
51534 16 784 3527 54656 1
51568 16 784 3555 55016 0.98
51752 13 637 2766 55876 0.98
53948 6 294 1602 55564 0.96
52964 13 637 2921 56150 0.9
51160 20 980 4231 55634 1
51760 19 931 4005 55932 0.96
51472 12 588 3051 54770 0.94
51204 21 1029 4677 55744 0.98
52256 17 833 3720 55620 0.96
51464 24 1176 5135 56160 0.98
51522 17 833 4193 55922 0.96
52782 13 637 2736 56252 1
51928 12 588 2539 54882 1
51184 29 1421 6082 54702 1
51774 18 882 3911 56020 1
51752 11 539 2443 55340 1
50916 24 1176 5776 55500 0.88
52788 9 441 1956 55984 1
51042 20 980 4664 55644 0.84
51530 24 1176 5056 56372 0.98
51714 18 882 3847 55526 0.94
52074 14 686 2971 54554 0.98
51438 15 735 3246 54708 1
50846 21 1029 4519 54470 1
51592 23 1127 5938 55280 0.92
51420 16 784 3389 55142 1
51500 15 735 3203 54720 1
53384 5 245 1328 55244 0.98
52412 15 735 3317 56188 0.94
50980 25 1225 6292 55992 0.98
51156 18 882 4347 55556 0.98
51854 19 931 4114 55646 0.94
52414 10 490 2104 54480 1
51484 15 735 3198 56200 1
51100 26 1274 5638 55104 0.96
50972 26 1274 5641 55678 1
50848 21 1029 4598 55398 0.88
51692 20 980 5254 55592 0.96
51118 28 1372 6853 55120 0.96
52338 15 735 3324 55592 0.96
52368 14 686 3066 55704 0.98
51506 14 686 3075 55854 0.94
51256 14 686 3229 54724 1
50962 21 1029 4672 55204 0.9
51548 17 833 3646 54728 0.98
51914 11 539 4604 54884 1
52108 11 539 2915 55686 0.98
51692 14 686 2965 56116 1
51426 19 931 4630 55388 0.94
50944 27 1323 5773 55966 0.96
51032 28 1372 6756 54024 1
50448 29 1421 8797 55656 0.96
50978 22 1078 4678 55434 0.94
51216 20 980 4432 55316 0.98
52154 12 588 2972 55928 0.96
51712 15 735 4088 55412 1
51826 12 588 2789 54634 0.96
51000 20 980 4255 54542 0.98
51522 23 1127 5070 55174 0.92
51576 17 833 4056 55990 0.94
51768 23 1127 4885 56098 0.94
52882 12 588 3031 55908 0.98
51586 15 735 3345 55150 0.98
51706 24 1176 5025 56008 0.96
51904 19 931 4173 55558 1
52030 14 686 2983 55998 0.98
52410 14 686 3539 54590 0.96
51464 22 1078 4682 55592 1
51224 20 980 4257 56630 0.98
52494 18 882 3793 55888 0.88
52136 18 882 3991 55816 0.96
52378 12 588 2545 55638 0.9
51976 16 784 3642 56268 0.9
51952 11 539 2511 54970 1
52490 8 392 1988 55032 1
52038 17 833 4795 56132 0.94
53448 7 343 1510 55800 0.96
51822 19 931 4816 55270 0.96
51448 21 1029 4543 55782 0.98
51224 28 1372 6069 56032 1
51160 20 980 5238 54750 0.94
51130 20 980 4200 55054 1
51696 16 784 3618 55518 0.96
51352 23 1127 5805 55942 0.98
51490 28 1372 5940 56076 0.96
51244 24 1176 5349 56446 1
50890 25 1225 5554 55116 0.96
50684 26 1274 5468 54808 0.94
52070 12 588 2857 54560 0.98
51518 20 980 4293 56018 0.92
51020 23 1127 4974 55204 0.96
52296 10 490 2658 55008 0.96
51610 19 931 4270 56142 0.98
51638 20 980 4193 55548 0.9
51516 19 931 4045 55890 0.94
51970 17 833 3576 56754 0.96
52486 12 588 2547 54932 0.96
52044 16 784 3680 55396 0.98
50714 20 980 4249 55406 0.92
50902 26 1274 5915 55226 0.96
51762 17 833 4508 56392 0.92
51630 15 735 3213 55414 0.98
51244 20 980 4225 55310 0.98
50596 28 1372 5965 55380 1
52364 18 882 4060 56158 0.92
52086 12 588 2539 56290 1
52158 12 588 2565 55922 1
51610 11 539 2787 55634 1
51228 16 784 3456 54896 0.96
51250 27 1323 6759 56406 1
51400 17 833 3588 55528 0.92
51054 18 882 4177 55470 0.98
51784 22 1078 5104 55336 0.94
51074 21 1029 4413 55208 0.98
52466 12 588 2597 54742 1
51324 21 1029 4495 55390 0.98
51624 16 784 3458 55120 1
50846 24 1176 5069 55644 1
51808 18 882 4053 55918 0.96
51342 24 1176 5087 55366 1
51524 18 882 3809 56446 0.98
52772 9 441 1888 54846 0.96
