3979282 -1 2828 7191 4096805 0.9230769230769231
3987390 -1 2091 7263 4247768 0.8846153846153846
3935918 -1 2728 7367 4181858 0.9230769230769231
3970639 -1 4012 10113 4238912 0.8076923076923077
3992533 -1 2465 6238 4062259 0.9230769230769231
3973311 -1 3772 9656 4161467 0.9615384615384616
3961552 -1 2597 7493 4116345 0.9230769230769231
3984803 -1 2664 6949 4154403 0.9615384615384616
3979510 -1 2640 6960 4241615 0.9615384615384616
3983417 -1 2834 7201 4186183 0.8846153846153846
3949831 -1 2693 6508 4256409 1
3917260 -1 3303 8097 4267850 0.8846153846153846
3970450 -1 2217 5977 4216331 0.8846153846153846
3986493 -1 2727 6630 4250026 1
3990580 -1 2929 7072 4145686 0.9230769230769231
3975091 -1 3516 8815 4120771 0.8846153846153846
3990026 -1 2904 9449 4334071 0.9230769230769231
3968905 -1 4017 9730 4269963 0.8846153846153846
3987882 -1 1874 7414 4079917 0.8846153846153846
3967572 -1 2835 7541 4151932 1
3986520 -1 2297 6270 4202607 0.9230769230769231
3946401 -1 3700 9098 4279057 0.8076923076923077
3941032 -1 3578 9081 4169286 0.8461538461538461
3992094 -1 2770 7594 4111675 0.9615384615384616
3946264 -1 3678 9329 4331761 0.9230769230769231
3982466 -1 2009 6182 4144387 0.9615384615384616
3971545 -1 2987 7426 4222910 0.9230769230769231
3926387 -1 2521 8259 4163406 0.8076923076923077
3945548 -1 3160 8033 4134921 1
3992589 -1 3253 8405 4193218 0.9615384615384616
3999982 -1 2325 5539 4071892 0.8846153846153846
3979756 -1 2157 6650 4247443 0.8461538461538461
3962217 -1 2498 6576 4238634 0.9615384615384616
3965418 -1 3129 8156 4202865 0.9615384615384616
3954338 -1 2834 7401 4286040 0.7692307692307693
3948988 -1 3155 8199 4160423 0.8846153846153846
3974837 -1 2946 7415 4285093 1
3968049 -1 2533 6958 4097176 0.9230769230769231
3947835 -1 3581 9070 4219246 0.9230769230769231
3978736 -1 2615 7085 4247014 0.9230769230769231
3928479 -1 3646 8883 4274044 0.9615384615384616
3964917 -1 3341 8070 4059831 1
3952907 -1 3729 9442 4265542 0.9230769230769231
3940809 -1 3053 7519 4116374 1
3960174 -1 2674 6737 4245655 0.9615384615384616
3975614 -1 3954 10103 4255283 0.9615384615384616
3956531 -1 4376 10974 4239606 0.9615384615384616
3966207 -1 3304 8200 4179793 1
3943375 -1 2801 7272 4140322 0.9615384615384616
3924196 -1 3463 8331 4121443 1
3959903 -1 2391 6444 4239992 0.9230769230769231
3993076 -1 2080 7663 4321089 0.9615384615384616
3993280 -1 2875 6992 4250304 0.9615384615384616
3979722 -1 3046 7719 4232110 0.8461538461538461
3966727 -1 2430 9843 4286701 0.9615384615384616
3946315 -1 3350 8092 4253661 0.9230769230769231
3957897 -1 2482 6381 4144307 1
3976712 -1 3361 9124 4274242 1
3956548 -1 3729 9095 4215818 0.9615384615384616
3960046 -1 3813 9570 4380515 0.9615384615384616
3987618 -1 4151 9846 4179974 1
3960327 -1 3147 7454 4293284 0.9230769230769231
3915022 -1 3311 8466 4208262 0.8846153846153846
3950955 -1 3163 7526 4212432 1
3977810 -1 3114 7639 4094415 0.8846153846153846
3973800 -1 2813 6888 4201499 1
3966812 -1 3440 8392 4263830 1
3975672 -1 2494 7573 4248603 1
3963563 -1 3334 8273 4166274 0.9615384615384616
3960855 -1 3012 7509 4194782 0.8076923076923077
3966887 -1 3811 9271 4185552 0.8846153846153846
3965520 -1 2820 6724 4324681 0.8846153846153846
3996190 -1 3091 7598 4154295 1
3925167 -1 2617 6235 4240466 0.9230769230769231
3973470 -1 3115 7638 4170956 0.9615384615384616
3990109 -1 2219 6171 4211134 1
3979810 -1 2540 6355 4110285 1
3987956 -1 2842 6827 4164132 0.9615384615384616
3974561 -1 2927 7099 4172935 1
3976529 -1 3672 8890 4294701 0.9230769230769231
3999747 -1 2386 5741 4202140 0.9615384615384616
3907335 -1 2574 6382 4234658 1
4002580 -1 2509 6335 4313509 0.9615384615384616
3991085 -1 2965 7460 4229744 0.9615384615384616
3989766 -1 3410 8338 4204671 0.9230769230769231
3950486 -1 2055 5699 4181809 0.9615384615384616
3978755 -1 3002 7314 4212227 1
3998511 -1 2667 8445 4284302 1
3983315 -1 2944 7790 4157812 0.9230769230769231
3968010 -1 2953 7913 4089018 0.9615384615384616
3984660 -1 2667 7062 4240207 0.8461538461538461
4001897 -1 3207 8049 4266316 0.9615384615384616
3984814 -1 4040 9737 4283061 0.9230769230769231
3947084 -1 1755 6594 4267298 0.9615384615384616
3971237 -1 1799 4842 4120614 0.9615384615384616
4000933 -1 2536 6335 4248097 0.9615384615384616
3971233 -1 3652 9503 4198167 1
3983529 -1 4220 10465 4149998 0.9615384615384616
3999407 -1 3565 8643 4212697 1
3941269 -1 3263 7826 4306455 0.9615384615384616
3953010 -1 3362 8346 4097062 0.9615384615384616
3980896 -1 2699 6866 4068557 0.9230769230769231
3936425 -1 3618 8665 4213249 0.9615384615384616
3992723 -1 2368 6122 4049772 0.9615384615384616
3993185 -1 2980 7538 4301548 0.8846153846153846
3969509 -1 3105 7521 4212131 0.9230769230769231
3971168 -1 3522 8878 4012958 0.9230769230769231
3945658 -1 2610 7080 4390546 1
3972665 -1 2640 7233 4171978 0.9615384615384616
3927426 -1 2626 6972 4223365 0.8846153846153846
3982188 -1 2887 7371 4108746 1
3954995 -1 1595 3956 4120148 1
3961616 -1 2464 8027 4251803 0.9615384615384616
3951957 -1 3209 8567 4155192 0.9615384615384616
3977408 -1 2698 8795 4115002 1
3960626 -1 2936 8547 4388839 0.9230769230769231
3976602 -1 3337 9539 4167581 0.9615384615384616
3977215 -1 3193 8475 4244159 0.8846153846153846
3945887 -1 1982 7451 4113170 1
3961906 -1 2253 7975 4220860 0.9615384615384616
3959152 -1 1854 7945 4195677 0.9230769230769231
3976867 -1 2509 6325 4239588 0.9615384615384616
3979469 -1 2658 6843 4144363 1
3984280 -1 2613 6526 4219335 0.9230769230769231
3969039 -1 3153 7756 4232725 0.9615384615384616
3983427 -1 2238 5345 4129289 0.9230769230769231
3983517 -1 3000 7142 4256980 0.9230769230769231
3998675 -1 3087 7357 4286260 0.9615384615384616
3978376 -1 3374 8590 4194697 0.9230769230769231
3952404 -1 2933 7003 4259647 0.8461538461538461
3993021 -1 3649 8751 4218237 0.9615384615384616
3993636 -1 2575 6236 4279375 0.9230769230769231
3987130 -1 2987 7225 4308093 0.9615384615384616
3968114 -1 2743 6835 4028336 0.9615384615384616
3965862 -1 3067 7840 4328356 0.9615384615384616
3970843 -1 2715 7222 4240139 0.9615384615384616
3977332 -1 2879 6863 4069075 0.9230769230769231
3958697 -1 3753 8947 4216256 1
3987449 -1 2622 6601 4233357 0.9615384615384616
3979072 -1 3671 9084 4275062 0.9230769230769231
4006420 -1 2130 7492 4188916 0.9615384615384616
3960533 -1 2462 6423 4253108 0.9615384615384616
3975845 -1 3510 8922 4167017 0.8846153846153846
3992832 -1 3357 8016 4155201 0.8846153846153846
3968641 -1 2407 5847 4239267 0.8461538461538461
3954867 -1 3132 7473 4179277 0.9615384615384616
3996976 -1 1983 5207 4204997 1
4004244 -1 2585 7900 4190245 1
3980145 -1 2554 6835 4279151 0.9615384615384616
3996571 -1 2709 6954 4294093 0.8461538461538461
3971786 -1 4017 9814 4275655 0.9230769230769231
3945081 -1 2629 6464 4094640 0.8846153846153846
3988148 -1 2790 8224 4195979 0.8846153846153846
3974996 -1 2866 8181 4228097 0.9230769230769231
3947133 -1 2323 8970 4082780 1
3941670 -1 2686 10540 4168328 0.9615384615384616
3974411 -1 2689 10125 4250286 0.8461538461538461
3955798 -1 2946 7432 4250446 0.8846153846153846
3975277 -1 2534 6159 4270668 0.9230769230769231
3971855 -1 2127 6580 4302877 0.9615384615384616
3953868 -1 3323 8293 4168365 0.9615384615384616
3942121 -1 2320 5987 4160608 1
3986684 -1 3323 8301 4154820 0.9230769230769231
3957724 -1 2674 7909 4271536 0.9230769230769231
4000425 -1 3692 9261 4124600 1
3957038 -1 3115 7534 4079647 0.9615384615384616
3922516 -1 3250 7715 4146738 0.9230769230769231
3948189 -1 3356 8333 4393995 0.9615384615384616
4004998 -1 1688 5881 4059294 1
3974463 -1 3533 8473 4211762 0.9230769230769231
3993054 -1 3120 7578 4122973 0.9230769230769231
3975383 -1 2882 7256 4113593 0.9230769230769231
3978949 -1 3047 7540 4136748 0.9615384615384616
3994106 -1 1690 6355 4218295 0.9615384615384616
3962712 -1 2629 7092 4270835 0.8461538461538461
3955472 -1 2642 6609 4256755 0.9230769230769231
3967131 -1 3109 7508 4280440 1
3950693 -1 3195 7652 4139889 0.9615384615384616
3945751 -1 3249 7817 4229462 0.8076923076923077
3999027 -1 2516 6462 4267533 0.9230769230769231
3951857 -1 3693 9070 4177582 0.9230769230769231
3977744 -1 3275 9017 4321781 1
3961032 -1 3296 7979 4326397 1
3992974 -1 3082 7457 4210482 0.9230769230769231
3975806 -1 2835 6875 4222848 1
3996349 -1 4059 9678 4160679 1
3987441 -1 3291 8855 4292441 0.9230769230769231
3979802 -1 2810 8307 4224785 1
3946033 -1 2557 7089 4207183 0.9230769230769231
3967188 -1 2879 7845 4311643 0.8846153846153846
3950135 -1 3049 9032 4231773 0.9615384615384616
3984890 -1 2870 9465 4360908 0.9615384615384616
3931976 -1 2508 6736 4227958 0.8846153846153846
3970572 -1 2849 7344 4083038 0.8846153846153846
3976787 -1 2835 6744 4104708 0.8461538461538461
3969297 -1 3092 9994 4289430 0.9230769230769231
3956755 -1 2714 7066 4164007 1
3968943 -1 3226 8297 4320538 0.9615384615384616
3963671 -1 3400 8537 4240290 0.8461538461538461
3981235 -1 2740 7617 4092520 0.8846153846153846
3935535 -1 3168 8167 4188743 0.9230769230769231
3950412 -1 2712 6648 4209812 1
3939082 -1 3195 7654 4227391 0.9230769230769231
3965316 -1 3487 8428 4245264 0.8461538461538461
3988908 -1 3422 8187 4187774 0.9615384615384616
3974922 -1 3233 8755 4200595 0.8846153846153846
3957883 -1 2732 6867 4191536 0.9615384615384616
3996797 -1 2731 6617 4230746 1
3980345 -1 2790 7284 4078487 1
3973079 -1 2263 6720 4281893 0.8846153846153846
3978689 -1 3540 8573 4219555 0.9230769230769231
3975686 -1 3275 8529 4199663 0.8461538461538461
3982705 -1 3393 8612 4280526 0.9615384615384616
3979097 -1 2987 7371 4229751 0.9230769230769231
3984652 -1 3629 8753 4306874 0.9615384615384616
3988935 -1 2433 6684 4149200 0.8846153846153846
3958123 -1 3146 7501 4148610 0.9615384615384616
3981987 -1 2974 7181 4107908 0.9615384615384616
3959565 -1 2747 7184 4207544 0.9615384615384616
3973025 -1 3315 8591 4223540 1
3929483 -1 3403 8393 4322160 0.9230769230769231
3981309 -1 2390 6190 4187850 0.8846153846153846
4010611 -1 2814 7050 4246254 0.9615384615384616
3978056 -1 2423 6403 4185871 0.8076923076923077
3999414 -1 2420 8499 4193157 1
3974151 -1 2753 8349 4319588 1
3970098 -1 2880 9103 4267347 0.9615384615384616
3976708 -1 2673 8370 4179637 0.9615384615384616
3950550 -1 3082 7472 4185223 0.8461538461538461
3983114 -1 2701 6876 4081661 1
3980901 -1 3056 7922 4270513 0.9615384615384616
3932704 -1 2685 6735 4232040 0.9230769230769231
3979168 -1 2263 5657 3998962 0.9230769230769231
3983252 -1 3824 10842 4233160 0.9615384615384616
3974600 -1 4590 11168 4350411 0.8846153846153846
3991283 -1 1505 5841 4067996 0.9230769230769231
3929306 -1 4058 9761 4383149 0.9615384615384616
3989566 -1 2148 5950 4273538 0.8846153846153846
3974849 -1 3610 9105 4209653 1
3990694 -1 2749 6749 4179823 0.8846153846153846
4002018 -1 2642 6483 4325613 0.9615384615384616
3939026 -1 3194 7618 4414193 0.8846153846153846
3980360 -1 2763 6671 4116024 0.9230769230769231
3976488 -1 2436 8561 4263157 1
3933081 -1 3274 8271 4182279 0.9230769230769231
3972785 -1 2592 6351 4231995 0.9230769230769231
3978523 -1 3296 7958 4136514 0.9615384615384616
3983111 -1 1674 5742 4071604 0.9615384615384616
3988416 -1 1941 7430 4150356 0.8461538461538461
3950650 -1 2960 7290 4242354 0.9230769230769231
3984225 -1 3124 7880 4124852 0.9230769230769231
3985608 -1 2829 7524 4197443 0.9230769230769231
3954237 -1 2754 6527 4183794 1
3993294 -1 2408 6038 4125635 0.8846153846153846
3990197 -1 2904 6946 4194629 1
3961592 -1 3054 7332 4280938 0.9615384615384616
3971841 -1 3618 8608 4318103 1
3972375 -1 3817 10397 4283468 1
3981418 -1 2856 7062 4335558 0.9615384615384616
3951311 -1 3019 10017 4157522 0.9230769230769231
3989306 -1 2700 7078 4132052 0.9615384615384616
3955141 -1 2852 7820 4243847 0.9615384615384616
4001589 -1 2773 9005 4153399 0.9230769230769231
3981348 -1 3413 9528 4245222 0.8461538461538461
3957523 -1 3249 8792 4211063 0.9615384615384616
3933066 -1 3215 9269 4208483 1
3940463 -1 3198 7685 4269358 0.9615384615384616
3968471 -1 2282 6061 4297178 0.8846153846153846
3999716 -1 3046 7289 4237452 0.8846153846153846
3986296 -1 3641 9032 4186916 1
3980198 -1 3288 8604 4274010 1
3982057 -1 3036 7483 4328723 0.9615384615384616
3980995 -1 3463 8855 4185002 0.8461538461538461
3991525 -1 3419 8549 4181588 1
3957727 -1 3164 8098 4043503 0.8846153846153846
3977616 -1 2546 6584 4117399 1
3978383 -1 3075 7574 4338605 1
3954846 -1 3128 7568 4236103 0.9230769230769231
3967365 -1 5197 12409 4165651 0.9230769230769231
3962199 -1 3296 7999 4166159 0.8846153846153846
3945790 -1 2972 7349 4144638 1
3983564 -1 2848 7313 4179849 0.8461538461538461
3992683 -1 2955 7317 4199865 0.8846153846153846
3969556 -1 1865 6432 4129419 0.9230769230769231
3981177 -1 2903 6956 4161811 0.9615384615384616
3982132 -1 3394 9070 4339760 0.9615384615384616
3936534 -1 3016 7959 4297734 1
3971919 -1 3119 8316 4313343 1
3965931 -1 3464 8823 4368119 0.9615384615384616
3970721 -1 2938 7196 4282739 0.9615384615384616
3989536 -1 2280 6606 4145192 0.9230769230769231
3968957 -1 3454 8997 4190930 0.9615384615384616
3975417 -1 2666 6950 4241623 1
3970551 -1 2857 7359 4271615 0.8846153846153846
4011950 -1 2369 7344 4304871 0.9615384615384616
3970378 -1 2690 8895 4194229 0.9615384615384616
3956917 -1 2912 10282 4354823 0.8846153846153846
3969454 -1 2226 9617 4011827 0.9230769230769231
3948739 -1 4482 11865 4284373 0.9230769230769231
3971110 -1 2706 8393 4133944 1
