26408 99
27784 85
27358 162
20756 162
24812 155
23926 139
27018 179
23812 205
26442 107
20096 177
21752 173
19992 244
17146 210
25578 122
29484 134
20226 145
25926 125
23614 112
26422 88
23408 134
20628 103
28214 121
20224 113
24532 128
24602 126
26682 133
27432 119
21312 117
24932 118
27190 91
20190 118
22216 129
31352 262
23362 138
22732 155
19602 104
28454 81
21918 140
28208 114
24144 105
24006 112
18662 127
26550 111
25296 97
25456 104
27772 70
23112 78
23780 101
16996 112
25176 100
25134 93
23392 114
29300 100
22106 154
28228 108
23004 98
25422 86
28724 98
23482 73
27066 105
28490 112
24718 126
24314 86
18682 138
23310 80
22862 112
23434 65
24318 133
20248 123
24544 130
22960 137
27998 123
23686 136
22750 127
25648 108
26446 128
26396 97
28304 85
27884 196
21566 91
31328 77
28086 102
24376 104
23048 104
24664 78
23080 114
18876 78
27880 142
24950 120
27654 78
25500 118
23896 108
26966 107
25648 154
24262 125
24662 150
26036 117
20702 117
26920 101
24758 114
24180 137
12646 139
30016 83
24308 109
21116 116
17166 745
21718 105
25826 68
25950 120
18364 203
25392 100
19418 132
21614 100
28058 61
20550 95
25026 132
24066 98
26550 111
23730 156
23128 124
23572 124
26442 76
24032 105
24468 90
22620 116
25776 101
29630 77
22000 81
27614 130
25182 111
22058 140
19724 98
25970 86
28652 102
23458 101
26746 112
27434 107
19460 98
25158 146
24870 123
23956 90
23066 146
19536 126
28172 110
20552 133
33392 106
22904 71
19660 90
23276 106
21702 100
23524 149
15310 73
25022 141
25296 95
22470 126
22500 97
23756 106
19880 66
25350 113
19576 98
18790 83
27920 93
21442 84
29568 91
23892 76
26578 120
26622 111
26036 143
22716 133
29748 73
23764 105
25512 100
22826 136
28600 111
27320 81
28662 112
21928 171
19932 193
16894 172
29912 93
28184 80
19372 89
18372 108
24472 121
30098 95
19880 99
23756 113
24686 82
26696 111
21848 136
24478 142
24812 121
20774 88
28138 106
24616 134
28552 79
26732 124
25922 101
26494 61
21150 86
23624 92
22156 102
20356 135
19158 100
25304 109
27628 122
26654 94
28714 110
21120 134
21986 103
26920 116
25932 123
24266 184
27490 178
19272 104
24354 121
21340 147
24518 124
25018 89
27232 130
24184 90
26528 120
23536 104
25608 69
29928 100
27600 74
21870 93
27156 110
26756 110
24708 112
20566 130
21058 130
27520 141
22656 115
19094 149
18746 90
27402 90
23948 123
22004 106
22808 93
27312 72
26528 95
26116 88
19696 105
18754 123
26540 110
26984 143
20962 109
23392 282
28398 152
21710 209
27334 100
25008 129
24674 79
31492 68
25818 105
23184 189
28724 97
21266 98
29276 111
24708 145
19990 102
32636 69
18632 97
21014 132
20490 114
23128 148
25706 79
23500 117
28672 119
21438 77
26940 95
22438 93
25856 112
26622 92
27406 112
25982 167
24368 115
24176 74
22128 101
25110 143
27870 101
20646 121
27134 111
28148 67
25806 107
19662 259
23536 139
23168 212
21466 119
25996 88
26968 107
19480 127
21162 105
21426 101
21586 125
26180 77
22368 121
24144 117
26436 99
20986 105
23052 132
28218 108
25836 84
24810 91
24718 108
27062 80
24224 125
26036 117
25652 98
24702 137
27892 109
27498 81
27294 138
23524 106
23660 105
21620 125
24250 98
22846 100
30394 181
24580 655
24692 212
25732 147
27174 184
24340 108
26594 102
26976 97
26220 121
19536 96
22500 100
24100 128
21102 119
28376 112
24022 100
20578 143
28950 118
26946 109
25814 124
20916 136
24436 71
18470 162
20786 108
23766 106
23110 143
21892 119
22864 109
28614 79
25720 117
26164 119
28008 139
26160 125
23800 74
22850 138
21990 102
25370 145
27868 87
24858 115
20222 97
25788 102
23814 102
22364 157
26924 100
25886 77
24972 115
28060 95
25612 75
26312 141
26392 129
29048 99
22496 132
23334 147
25546 79
23344 114
30276 89
18790 104
25466 89
24368 103
25712 117
27842 111
22926 130
22774 110
20772 56
25324 109
20736 102
27334 83
26644 139
26664 110
24116 320
22332 107
25440 81
29368 95
23994 94
28136 121
24764 140
23998 103
24486 102
22016 123
25406 92
23038 90
21126 95
24920 79
27288 110
24308 105
26244 91
21674 144
23102 359
20660 178
20898 91
21996 111
23088 92
21972 107
26024 111
23080 101
25328 105
25564 109
26506 84
24440 91
25332 104
28092 75
27534 129
24938 134
23700 145
19102 124
22404 117
27426 107
24694 108
20716 122
28706 120
21100 78
22516 138
24828 88
21954 83
26016 130
24630 80
21632 78
22552 100
24310 96
19604 100
24084 108
24334 79
29084 103
17696 143
25028 120
24612 117
20980 92
26554 110
24710 91
29390 125
23350 154
20168 120
19828 154
22862 111
28554 134
24480 116
16846 101
19988 105
18932 187
21720 317
27158 107
25066 94
21390 127
20174 114
25992 54
16804 135
26540 129
22262 104
23934 131
28104 96
22466 146
24234 82
27542 84
25498 110
21724 159
25980 98
27808 112
25030 50
24164 117
24346 83
26350 99
21682 131
26402 137
21936 121
31360 100
22942 126
23542 107
26810 121
21636 103
28822 112
20424 78
24616 126
25756 135
24022 101
25664 78
20120 179
21494 200
21316 148
22352 132
22662 163
31574 100
26878 100
23306 137
27798 70
28194 119
21334 107
26422 109
26124 77
24986 106
26988 80
23026 96
21834 130
24798 85
25446 149
24616 150
26322 108
22046 116
21104 101
25550 72
20264 120
24500 90
22858 103
23702 107
26696 95
25344 99
25274 119
27958 116
21640 87
26510 93
17292 654
19454 126
22600 61
24440 133
23432 101
28440 134
26998 103
26386 99
21020 155
24284 119
25856 109
22078 97
23410 103
24296 113
24272 125
25094 81
17838 102
27532 133
22884 84
25318 120
25156 119
26928 80
25844 86
21138 79
25004 116
25712 101
20956 78
22796 106
22330 99
30344 116
26070 155
23816 124
28236 109
27954 118
22970 117
20208 135
24532 104
29992 92
22038 148
26468 88
24838 101
22938 143
24046 81
26848 84
23538 113
20418 117
27434 112
23202 118
24954 120
22910 136
23472 104
28426 113
22468 104
22424 97
18468 100
28068 74
27532 111
25484 134
27976 75
25786 66
29526 101
21726 127
21346 124
20888 124
22196 94
24890 103
26874 66
28466 86
21600 116
17462 114
25610 121
20254 144
27248 112
27634 147
26948 220
19394 185
21528 104
25758 115
24574 75
27396 78
22924 97
28960 98
27060 146
22202 89
24950 101
18300 106
26126 160
23848 105
27114 89
26632 68
23120 152
23708 134
16808 95
19960 123
17712 84
22378 75
29664 88
25696 138
25818 135
18954 126
24324 92
24468 128
24242 147
21950 160
20250 124
25452 144
23146 237
22084 117
18048 133
22922 112
26536 157
24958 115
26022 119
26208 93
25012 102
22020 126
24938 95
27742 114
26186 84
25878 111
24624 112
22466 154
18738 119
26888 115
24986 126
23106 98
25772 130
19936 109
24902 131
24494 89
24062 61
26590 133
27154 131
21034 128
25386 142
22566 118
22518 111
19832 112
24036 119
22812 137
25944 82
26634 133
23486 251
27228 94
24330 109
23088 102
26332 96
20216 147
19996 104
20776 100
24676 108
28110 98
24000 84
21328 97
26700 89
28124 110
22844 108
27344 161
24486 128
23232 138
20156 117
24128 105
23792 76
28178 99
22882 152
25464 123
26360 115
22568 115
27552 119
26208 122
21826 107
18168 124
27442 143
29340 105
26744 91
27840 103
23960 129
24632 122
23094 163
26978 86
24734 128
25588 130
17690 116
24708 95
15320 106
24462 83
26438 68
21710 142
22744 115
25444 109
27370 70
26538 102
24698 55
29692 109
22122 115
23916 119
25950 108
24966 118
17384 126
26672 97
30044 64
23162 74
24152 149
21194 139
19992 178
23122 163
27374 110
27538 78
24660 117
21366 84
21862 138
24222 96
28164 143
19728 235
27328 102
20618 106
27154 89
24742 120
19712 101
25432 114
27994 84
27708 87
20950 155
24130 99
21124 104
24394 88
23564 122
26450 114
27478 133
24702 101
25050 85
26882 116
24414 121
27342 67
28810 81
23118 75
28622 125
24184 98
23014 73
28698 95
28784 109
21674 97
22286 118
22262 118
21454 124
27998 71
24680 85
12408 105
22352 99
25548 114
26552 85
24512 102
25858 124
22314 82
24594 105
27204 145
23498 143
25782 117
27232 115
25684 124
24800 171
27224 98
28104 98
29080 100
26144 80
28780 116
21944 98
35428 64
25176 132
23536 81
28346 98
23282 146
26020 135
24724 106
26998 106
23498 132
19192 128
24406 77
20596 105
27542 117
22376 75
26238 110
20990 125
29764 103
20724 133
24078 101
21476 91
21940 104
30152 77
25638 127
27234 106
28602 111
21672 130
23750 122
24082 110
23326 82
23612 108
17636 127
23808 131
19498 86
26060 126
27470 103
26132 99
17994 113
28236 97
24558 92
26712 139
21790 73
23852 158
19668 149
25314 117
23368 68
23276 123
24074 114
24698 96
24514 111
21784 83
21100 97
21126 100
19564 90
25996 132
25926 112
24968 85
25956 139
23120 133
22202 242
23932 182
24232 154
21934 115
21136 98
20442 136
25474 124
29210 86
24820 120
25244 81
25098 97
29364 107
20156 147
27616 110
24734 91
20690 98
23300 142
21412 145
23998 87
28178 93
21514 133
31188 82
26640 144
22094 129
26330 113
21352 68
23638 136
27974 88
23870 137
25610 107
23874 105
27690 90
23916 113
20976 82
24550 150
29714 207
23924 231
18792 86
25704 149
29068 95
22276 112
28590 88
20294 115
18514 174
20758 87
22556 128
23030 139
24124 123
21646 92
24820 115
26648 84
20598 104
25960 168
24308 88
24266 77
26302 105
28210 108
23026 101
22444 138
20922 119
28006 84
21838 94
19336 122
27100 140
22280 109
21316 74
24398 60
21524 116
25490 137
24068 161
21856 282
30266 153
21954 152
22742 94
25442 136
27184 136
25948 140
21698 107
22662 117
27624 127
16072 125
23096 78
26332 88
25832 80
25188 124
23472 112
25554 123
21570 125
26140 114
19358 92
26122 104
20182 146
26468 101
24488 121
21708 146
21982 72
27346 107
20428 150
26130 129
26594 100
26738 82
23648 114
29776 169
22016 258
18980 131
24206 80
26538 123
29388 133
21526 123
23962 152
27012 86
31376 70
23602 112
29032 87
23034 152
21662 112
27934 64
24664 108
24240 107
26716 121
25238 94
25268 115
24614 77
17304 144
27970 113
24628 90
29760 102
19674 111
22440 106
31272 91
27516 105
24734 143
26062 84
24952 104
22790 93
18948 152
25604 130
25412 144
18294 126
29702 107
27438 83
21806 90
25700 137
22012 166
27634 128
23652 110
28678 104
23440 148
