115520 -1 4404 15052 138320 1
114030 -1 5247 17738 134860 0.9666666666666667
118340 -1 3144 10225 125250 0.9
117270 -1 4949 16536 136470 1
116360 -1 4369 13850 137720 0.9666666666666667
118890 -1 4960 15490 136320 1
118640 -1 6597 21102 137630 1
116720 -1 4294 13098 135400 0.9666666666666667
117840 -1 5664 17627 140290 0.9
118360 -1 4001 12752 129090 0.9
118240 -1 4840 15392 138530 0.9666666666666667
116740 -1 4060 12305 139530 0.9333333333333333
116980 -1 4673 14228 139370 1
117340 -1 4436 14340 139090 0.9
120040 -1 4570 15531 126470 0.9666666666666667
115620 -1 4828 14952 138760 1
117400 -1 3821 11705 129000 0.9333333333333333
116330 -1 5146 17390 133110 0.9666666666666667
115070 -1 3300 10255 130450 0.9333333333333333
115980 -1 6040 21109 136820 0.9
116440 -1 3782 12987 135410 1
117830 -1 3891 13164 134500 0.9333333333333333
117930 -1 5849 21500 136550 0.9333333333333333
119650 -1 4535 15951 128120 0.9666666666666667
117220 -1 5028 17617 136130 0.9666666666666667
118060 -1 5178 19733 139670 0.9333333333333333
119470 -1 5188 17355 138060 0.9333333333333333
117450 -1 3892 12962 128080 0.8666666666666667
117690 -1 3341 11686 132120 0.9333333333333333
119510 -1 3906 15934 134250 0.9666666666666667
117940 -1 4676 16330 131750 0.9666666666666667
118570 -1 4149 14935 129910 0.9333333333333333
119550 -1 4172 13795 128970 0.9333333333333333
113130 -1 5424 18469 138150 0.9666666666666667
119960 -1 3834 16994 138630 0.9333333333333333
117410 -1 5047 15869 133110 0.9333333333333333
117880 -1 4347 13483 138440 1
117790 -1 4608 14638 135190 0.9666666666666667
117790 -1 4472 13676 135430 0.9333333333333333
117770 -1 5308 17072 141790 1
116840 -1 4883 15187 137630 0.9333333333333333
116570 -1 4187 13476 135700 0.9333333333333333
119650 -1 1909 16381 134340 0.8666666666666667
116950 -1 5478 20717 136410 0.9666666666666667
115100 -1 5792 18656 137120 1
120800 -1 4408 14488 138060 0.9666666666666667
118380 -1 4716 14789 124010 1
119210 -1 4901 15137 128510 0.9666666666666667
119080 -1 4494 14032 141370 0.9666666666666667
115840 -1 4540 14626 141740 0.9333333333333333
116860 -1 3341 10767 132800 0.9333333333333333
119700 -1 3545 11741 130980 0.9333333333333333
115740 -1 3940 12480 126560 0.9666666666666667
116680 -1 4715 14734 136930 1
117730 -1 4104 13568 137100 0.8666666666666667
116930 -1 4339 14954 128590 0.9333333333333333
118710 -1 5130 16099 136050 0.8666666666666667
118460 -1 3992 12225 134830 1
118560 -1 4128 13333 140490 1
116670 -1 4029 12535 136620 0.9666666666666667
115930 -1 4761 14529 134150 0.9666666666666667
119290 -1 4422 14044 133430 0.9333333333333333
119000 -1 3643 11739 134560 0.9333333333333333
119160 -1 5710 17875 139190 1
118110 -1 5103 15895 136880 1
115670 -1 4176 12973 133760 0.9
118290 -1 3416 10967 130410 0.9666666666666667
117610 -1 3910 11883 131470 0.9
116110 -1 3893 12794 126520 1
115520 -1 4584 14375 131320 0.9666666666666667
118680 -1 4162 13005 138670 0.9333333333333333
117040 -1 3919 13395 137870 1
119730 -1 4815 15241 134550 1
119520 -1 4618 14456 139960 1
117200 -1 4837 15050 138730 0.9666666666666667
120240 -1 3646 12290 136400 0.9333333333333333
115360 -1 4653 14603 139200 0.8666666666666667
116160 -1 4397 16410 144530 1
116490 -1 5369 19177 141320 1
118610 -1 4342 17071 140090 0.9333333333333333
118470 -1 4266 13648 125450 0.9333333333333333
120260 -1 3289 10975 141740 1
118140 -1 5281 16319 140660 0.9333333333333333
118300 -1 3419 13570 133420 1
118420 -1 4563 14083 136930 0.9333333333333333
118140 -1 5009 16299 137170 0.9666666666666667
116720 -1 5021 16229 142480 0.9666666666666667
117210 -1 4655 16265 129940 1
119330 -1 3833 12195 133590 0.8666666666666667
117210 -1 3390 13730 142100 1
116000 -1 4589 14426 127030 0.9666666666666667
120340 -1 4927 15487 140510 1
120510 -1 4385 14059 143910 0.9666666666666667
118570 -1 4748 14529 142700 1
116320 -1 5034 15862 138650 0.9
116270 -1 4903 15120 136950 0.9333333333333333
117400 -1 4023 13294 129860 0.9666666666666667
119000 -1 4328 13257 132820 0.9666666666666667
119900 -1 3249 14707 137660 0.9666666666666667
119010 -1 4013 16726 142500 1
118670 -1 3201 10648 133850 0.9333333333333333
119640 -1 3712 14558 143820 0.9
118550 -1 4514 13886 138120 1
118980 -1 7216 22331 136830 0.8666666666666667
117290 -1 4165 12898 132740 0.8666666666666667
116380 -1 4893 14934 124450 1
118360 -1 4947 15660 129960 1
119580 -1 3747 12432 130450 0.9333333333333333
119050 -1 3963 12229 130380 1
118200 -1 4145 13356 131250 0.9666666666666667
118290 -1 4546 13889 132660 0.9
116390 -1 4129 14080 143680 0.9666666666666667
114780 -1 4517 13962 138830 0.9666666666666667
116520 -1 3455 15661 130760 0.9666666666666667
118290 -1 3631 11004 138000 0.9666666666666667
118910 -1 5014 15821 143850 0.8666666666666667
118930 -1 4627 14104 133100 0.9666666666666667
119030 -1 4803 15135 138790 0.9333333333333333
116470 -1 3902 11951 134210 0.9
117330 -1 3454 11042 124080 0.9666666666666667
115390 -1 4632 15713 134860 0.9333333333333333
119070 -1 5516 17639 134770 0.9666666666666667
114060 -1 5023 16108 130500 0.9333333333333333
118930 -1 3808 13271 139670 0.9333333333333333
117690 -1 4290 13949 132440 1
119100 -1 3085 10002 128080 0.8666666666666667
120010 -1 5055 16312 133130 0.9333333333333333
116390 -1 3879 12577 140990 0.9666666666666667
117670 -1 4302 13995 129800 0.9
118830 -1 4919 15839 138730 0.9666666666666667
118030 -1 4819 15694 133320 0.9333333333333333
118650 -1 4228 12928 130100 0.9333333333333333
116560 -1 4347 13185 130580 1
117850 -1 3134 9550 125900 0.8666666666666667
118110 -1 3928 13650 135260 0.9333333333333333
118020 -1 4252 13704 128800 0.9666666666666667
118660 -1 3835 11798 137190 1
117220 -1 6389 19662 137160 0.9333333333333333
121520 -1 2455 10870 137830 0.9333333333333333
119330 -1 3964 12074 138360 0.9666666666666667
114970 -1 4432 13569 130010 0.9666666666666667
118610 -1 4025 12618 136820 0.9333333333333333
119970 -1 3483 13743 133070 0.9666666666666667
117710 -1 4617 14558 136090 0.9666666666666667
119780 -1 3974 12662 133810 0.9333333333333333
119510 -1 2854 8928 126460 1
115040 -1 3378 12056 128130 0.9666666666666667
118310 -1 3925 12866 134000 0.9666666666666667
119450 -1 5934 18544 142160 0.9333333333333333
116930 -1 5482 16639 137950 0.9666666666666667
118100 -1 4624 14679 136240 0.9
118010 -1 4774 15062 132780 0.9666666666666667
117450 -1 4697 14748 129960 0.9333333333333333
119110 -1 4979 15722 138460 0.9666666666666667
118310 -1 4026 12542 133620 1
117690 -1 3963 12848 129450 1
120010 -1 3983 13031 128420 0.9
116140 -1 4845 15246 139170 0.9333333333333333
117190 -1 3674 11609 132940 0.9
119560 -1 5487 17297 139450 0.9333333333333333
118380 -1 4313 13425 130770 0.9333333333333333
118970 -1 3576 11372 134550 1
116230 -1 5806 17615 137800 0.9333333333333333
119170 -1 3388 12362 133980 0.9333333333333333
118950 -1 5136 16525 132260 0.9666666666666667
115840 -1 4420 14007 126480 0.9
117690 -1 4090 15296 133140 1
117380 -1 4825 15261 142260 1
112560 -1 5035 16022 140310 0.9666666666666667
117070 -1 5219 15809 138430 0.9
118930 -1 4124 13027 141540 0.9333333333333333
113080 -1 4165 12565 121400 0.9666666666666667
118420 -1 4457 14031 137120 0.9333333333333333
115930 -1 4921 14926 131740 1
119030 -1 4592 14585 141950 0.9666666666666667
115860 -1 4596 14564 130350 0.9333333333333333
119710 -1 3794 12792 132920 0.9666666666666667
117430 -1 5702 18243 137660 0.9666666666666667
119570 -1 3793 11596 130120 0.8666666666666667
118810 -1 3969 15600 135160 1
119880 -1 5436 17753 137850 0.9333333333333333
116840 -1 4151 16442 135530 1
117030 -1 3322 14527 135730 0.9666666666666667
120140 -1 3424 10990 128650 1
117180 -1 4014 12956 135810 0.9333333333333333
115140 -1 4690 15290 135060 1
117420 -1 4163 12716 139590 0.9666666666666667
118410 -1 3439 11803 129270 0.9666666666666667
119590 -1 3659 11178 126660 0.9333333333333333
117370 -1 3516 10796 141240 0.9333333333333333
118100 -1 6264 20862 139000 0.9
119210 -1 4681 15097 136340 1
116180 -1 5238 16477 132430 1
119140 -1 4040 14657 137230 1
118350 -1 4297 15115 139130 0.9666666666666667
118280 -1 4778 16611 142790 1
119200 -1 3665 11936 128610 0.9333333333333333
119140 -1 3650 13389 135580 0.9666666666666667
118170 -1 5485 17422 133490 0.9333333333333333
119370 -1 5057 16038 133860 0.9666666666666667
116860 -1 4009 13220 131920 0.9666666666666667
118700 -1 5067 16030 134050 0.9666666666666667
119250 -1 3588 11645 134120 1
118130 -1 3829 13739 129860 0.8666666666666667
117050 -1 4302 13122 130840 1
120050 -1 4204 13094 136420 0.9666666666666667
118210 -1 3796 12510 135180 1
118590 -1 3991 12571 136170 1
116590 -1 4709 14905 135080 1
118940 -1 3717 13374 135310 0.9333333333333333
114140 -1 5412 17430 131520 1
115020 -1 4861 15241 134770 0.9666666666666667
118700 -1 4641 15233 123090 0.9666666666666667
119480 -1 3980 16109 129200 0.9
117060 -1 3999 12670 137840 1
119250 -1 4896 15127 136010 0.9333333333333333
118410 -1 4008 12491 131930 1
115760 -1 5599 18282 140290 0.8666666666666667
117540 -1 4820 15493 136570 1
116860 -1 3910 12188 127600 0.8666666666666667
118910 -1 3264 9874 121930 0.8333333333333334
116720 -1 4294 13775 133720 0.9666666666666667
119550 -1 5135 15616 135840 1
118740 -1 5031 15373 135670 1
120010 -1 4823 15630 139640 0.9666666666666667
118540 -1 4098 13118 130730 1
117880 -1 4555 13940 134340 1
118740 -1 2997 13069 129520 0.9333333333333333
117030 -1 4133 12926 130230 0.9333333333333333
119400 -1 3875 14977 135240 0.9666666666666667
119280 -1 6047 19086 138770 1
118990 -1 4468 15258 136290 1
115990 -1 4909 15863 134570 0.9
118350 -1 4886 14809 142290 1
119150 -1 4532 13737 127500 0.9
117440 -1 4317 13939 140670 0.9333333333333333
116640 -1 4293 13349 121070 1
120200 -1 4174 13970 139350 0.7666666666666667
119080 -1 3213 10455 128480 0.9333333333333333
119820 -1 3553 10811 126960 0.9666666666666667
117660 -1 5189 16768 127960 0.9666666666666667
117590 -1 3896 14303 135240 0.9333333333333333
119640 -1 5088 17580 138130 0.9333333333333333
117240 -1 4274 14131 139290 1
118030 -1 3557 11473 129070 0.9666666666666667
116980 -1 4459 14360 125730 1
116390 -1 4488 15340 131260 0.9666666666666667
117670 -1 5734 19223 136650 1
119140 -1 4000 16524 136810 0.9666666666666667
117730 -1 4173 15947 133950 0.9
117240 -1 4994 15761 136030 1
116290 -1 4859 16711 134960 0.9
116690 -1 5615 19555 145220 0.9666666666666667
119330 -1 3304 14569 133560 1
118780 -1 4429 14507 129530 0.9333333333333333
118910 -1 3691 12887 138570 0.9333333333333333
115850 -1 5286 17269 131550 0.9
117690 -1 5552 17227 135260 0.8333333333333334
117820 -1 3668 13835 129430 0.9666666666666667
115050 -1 4101 14758 133420 0.9333333333333333
119470 -1 5822 23155 134070 0.9333333333333333
117120 -1 3282 14246 130220 0.9333333333333333
117950 -1 5299 20280 134750 0.9
118140 -1 3284 15253 137460 1
118140 -1 2500 12451 133780 0.9
118310 -1 3282 15161 141970 1
116340 -1 4433 16646 139720 0.9666666666666667
117760 -1 3882 14404 131570 1
118800 -1 4969 17091 135860 0.9333333333333333
118790 -1 4078 17343 138580 0.9
119330 -1 3454 15264 134600 1
119530 -1 4358 15438 138400 1
118340 -1 4984 16446 135220 1
119360 -1 4217 14797 129320 0.9333333333333333
118380 -1 4510 17421 141640 1
119780 -1 3290 11415 128590 0.9
118810 -1 3533 12633 139260 1
117640 -1 4216 13058 135950 0.9333333333333333
119780 -1 4445 18796 130990 0.9
117100 -1 5460 18950 132660 1
116990 -1 5251 17885 136300 0.9333333333333333
114290 -1 3520 12374 136160 0.9
117590 -1 3785 13570 136630 0.9333333333333333
115740 -1 4080 14778 135650 1
116900 -1 5021 20481 133090 0.9333333333333333
118960 -1 4969 20536 142360 0.9333333333333333
116390 -1 4337 14516 135840 1
119080 -1 5676 19590 137870 0.9666666666666667
117440 -1 3753 12243 134010 0.9666666666666667
118490 -1 5476 17974 141480 1
118890 -1 5441 17211 135760 1
117200 -1 3901 12733 136030 1
117250 -1 4522 18353 140760 1
117930 -1 4727 18984 136760 1
118750 -1 4970 18453 131820 1
117770 -1 4139 16488 141280 0.9
117220 -1 4391 13712 133430 0.9333333333333333
118560 -1 5322 18813 132680 0.9333333333333333
114330 -1 5890 19826 138600 0.9333333333333333
118600 -1 3461 11301 138110 1
