173119 -1 51548 803209 173628 0.9857142857142858
173080 -1 47529 719990 173578 0.9857142857142858
173023 -1 56616 875538 173874 0.9714285714285714
173065 -1 49200 755773 173569 0.9571428571428572
173035 -1 46096 698430 173992 0.9714285714285714
173056 -1 53057 809546 174102 0.9714285714285714
173036 -1 49051 752473 173755 0.9857142857142858
172982 -1 42851 644698 173744 1
173082 -1 53140 829870 173796 1
172961 -1 54986 869288 173897 0.9857142857142858
172965 -1 51086 777338 173602 0.9714285714285714
173050 -1 55134 823626 174085 1
173107 -1 48871 751855 173665 0.9857142857142858
172965 -1 49330 763381 173980 1
173034 -1 52782 868515 173390 0.9714285714285714
173080 -1 61375 964589 173976 0.9857142857142858
172996 -1 58279 858131 173977 1
173070 -1 51723 821667 173815 1
173020 -1 68990 1067082 173723 1
173021 -1 46440 728790 173935 0.9714285714285714
172984 -1 68508 1015108 173912 0.9714285714285714
173052 -1 49003 756036 174056 1
173017 -1 62485 928635 173587 0.9571428571428572
172994 -1 55385 811653 173941 0.9857142857142858
173042 -1 45320 681492 173835 0.9857142857142858
173039 -1 64699 951858 173710 0.9142857142857143
173064 -1 60794 912282 173852 1
173074 -1 46185 690110 173447 1
172976 -1 49684 762997 173837 0.9571428571428572
173028 -1 52551 819952 173509 1
173031 -1 48917 730351 173724 0.9857142857142858
173047 -1 48614 716924 174136 0.9714285714285714
172936 -1 50415 748719 173444 1
172992 -1 56705 857476 173784 1
173036 -1 44223 686947 173764 0.9857142857142858
173032 -1 49610 829710 173835 1
173077 -1 47107 715473 173742 0.9857142857142858
173008 -1 43877 672947 173722 0.9857142857142858
173080 -1 58171 892567 173740 0.9285714285714286
173002 -1 44347 653591 174036 0.9571428571428572
173088 -1 47819 711593 173763 1
173014 -1 64908 960430 173696 1
173074 -1 50019 729801 173776 0.9857142857142858
173078 -1 59773 879463 173641 0.9857142857142858
173050 -1 63628 938992 173873 0.9857142857142858
173001 -1 49810 722860 173598 1
172974 -1 55993 837386 173524 0.9857142857142858
173102 -1 52977 793859 173978 0.9714285714285714
173019 -1 50805 751211 173966 0.9714285714285714
172837 -1 48100 731312 173617 1
172923 -1 69127 1062753 173887 0.9857142857142858
173032 -1 50480 745486 173723 0.9428571428571428
173058 -1 50662 755623 173469 0.9571428571428572
173046 -1 45341 692967 173984 1
173045 -1 54951 841222 173557 1
173050 -1 43707 645093 173810 1
173014 -1 50524 778768 173995 1
172884 -1 40342 648070 173772 0.9857142857142858
172980 -1 58730 932375 173901 1
173023 -1 68276 1012283 173522 1
173046 -1 49632 738082 173872 0.9714285714285714
172996 -1 42822 635641 173720 0.9857142857142858
173082 -1 48283 729434 173512 0.9857142857142858
173050 -1 57077 851909 173535 0.9857142857142858
173058 -1 56261 838050 173430 1
173050 -1 49748 749808 173562 0.9714285714285714
173045 -1 44883 666912 173763 0.9714285714285714
173068 -1 57264 862453 173753 1
173041 -1 48596 719882 173826 1
172975 -1 50294 734406 173924 1
173117 -1 40243 631463 173767 0.9857142857142858
172991 -1 52102 775084 173977 1
173041 -1 48526 753213 173922 1
173060 -1 49860 755910 173588 0.9857142857142858
173061 -1 49544 738020 173710 1
173083 -1 56418 848702 173712 0.9571428571428572
173084 -1 53724 813511 173766 0.9857142857142858
172932 -1 50683 798394 173735 0.9571428571428572
173098 -1 64155 948859 173713 1
173074 -1 42470 662967 173740 1
172952 -1 54396 836710 173903 0.9857142857142858
172998 -1 45334 702601 173705 1
173030 -1 52282 782514 173879 1
173100 -1 58633 876285 173893 0.9857142857142858
173052 -1 54448 816507 173852 0.9857142857142858
173041 -1 62078 921725 173542 0.9571428571428572
173058 -1 50669 747655 173605 0.9857142857142858
172993 -1 40790 603587 173608 0.9857142857142858
173108 -1 54357 808018 173951 0.9857142857142858
172979 -1 50836 760202 173770 1
173108 -1 52992 789796 173712 1
173075 -1 49444 765292 173832 1
173071 -1 50107 748692 173800 1
172966 -1 41992 625376 173775 0.9571428571428572
173038 -1 42825 625581 173679 1
173072 -1 51207 799550 173584 0.9857142857142858
173091 -1 50573 765789 173767 0.9857142857142858
173061 -1 59762 929579 173744 1
173011 -1 54702 805159 173805 0.9857142857142858
173033 -1 50457 765085 173518 1
173030 -1 58677 872929 174118 1
173148 -1 55667 834184 173447 1
173029 -1 51109 828501 173739 0.9857142857142858
173079 -1 41586 622375 173730 1
173108 -1 55898 946332 173636 1
173080 -1 56203 854233 173885 0.9714285714285714
173060 -1 60210 898223 173881 1
173041 -1 47224 695100 173736 0.9857142857142858
173085 -1 47015 696898 173731 1
173027 -1 50865 744950 173880 1
173016 -1 51144 751359 173509 0.9714285714285714
173051 -1 54700 862994 173623 0.9857142857142858
172992 -1 59141 945634 173462 0.9857142857142858
172893 -1 44055 691010 173662 1
173060 -1 63815 965699 174069 0.9857142857142858
173078 -1 43664 746065 173730 0.9714285714285714
173085 -1 62612 1146265 173851 1
173068 -1 64806 998303 174042 0.9857142857142858
173070 -1 52460 872104 173838 1
173014 -1 54383 853122 173615 1
173003 -1 57290 848723 174174 1
173058 -1 57408 869189 173854 0.9571428571428572
173100 -1 50974 793709 173749 0.9714285714285714
173003 -1 56778 866489 173773 0.9857142857142858
173098 -1 42557 660745 174059 0.9428571428571428
173002 -1 60728 871725 173626 1
173113 -1 63344 927887 173620 1
173077 -1 49957 754307 173927 1
172934 -1 56052 858438 173764 0.9857142857142858
173039 -1 50375 840717 173823 0.9857142857142858
172987 -1 51951 892204 173544 0.9857142857142858
173112 -1 46248 670726 173798 1
173045 -1 62972 977641 173774 0.9714285714285714
173133 -1 49441 741257 173872 0.9714285714285714
173067 -1 63175 932274 173715 0.9857142857142858
173079 -1 53006 796549 173506 0.9714285714285714
173118 -1 53577 773770 173705 0.9714285714285714
172987 -1 59553 879441 173773 1
173036 -1 44921 668098 173583 0.9857142857142858
173052 -1 60829 898631 174017 1
173117 -1 45556 675008 173797 0.9857142857142858
173111 -1 57589 854488 173749 0.9857142857142858
173014 -1 53387 776067 173910 0.9857142857142858
173000 -1 50952 736532 173923 0.9857142857142858
172915 -1 53525 772615 173931 0.9714285714285714
173100 -1 49722 747533 173657 0.9857142857142858
173109 -1 54400 792648 173680 0.9857142857142858
173003 -1 52202 765696 173656 0.9857142857142858
173060 -1 54402 826418 173607 1
173098 -1 50430 810331 173727 1
172996 -1 47737 700109 173860 0.9571428571428572
173070 -1 61799 984033 173812 0.9857142857142858
173061 -1 60716 890273 173747 0.9714285714285714
173087 -1 64729 974287 173744 0.9428571428571428
173077 -1 47063 700357 173635 0.9714285714285714
172999 -1 62533 929412 173745 1
173078 -1 53717 791604 173527 0.9714285714285714
173060 -1 49930 778865 173623 0.9714285714285714
173074 -1 58382 919502 173885 1
173071 -1 67521 1005937 173647 1
173012 -1 52897 890608 173803 0.9571428571428572
173074 -1 50216 775821 173903 0.9714285714285714
173051 -1 51367 765419 173781 0.9714285714285714
173004 -1 55265 817098 173632 0.9714285714285714
173085 -1 59586 896117 173830 0.9714285714285714
172990 -1 59593 933084 173513 1
173021 -1 47391 746879 173776 0.9857142857142858
173062 -1 49210 760174 173555 1
173088 -1 48633 761515 173503 0.9714285714285714
173106 -1 55041 839052 173479 0.9714285714285714
173056 -1 52104 767799 174487 1
173029 -1 34557 705529 173939 0.9571428571428572
173094 -1 50590 763348 173961 1
173033 -1 51687 756068 173948 0.9857142857142858
173087 -1 54931 791960 173856 0.9857142857142858
173079 -1 57140 835341 173873 1
173062 -1 53347 770979 173464 0.9857142857142858
173088 -1 46754 667637 173880 0.9857142857142858
173081 -1 55195 794266 173840 0.9857142857142858
173079 -1 54836 842858 174017 1
173025 -1 52625 813082 173756 0.9857142857142858
173000 -1 50033 835301 173698 1
172967 -1 63398 940159 173839 0.9857142857142858
173054 -1 44306 750893 173883 0.9714285714285714
173022 -1 51324 767344 173677 1
173004 -1 58327 866006 173579 0.9857142857142858
173066 -1 50798 754231 174089 0.9714285714285714
172917 -1 50073 741037 173557 0.9857142857142858
173074 -1 50344 805795 173397 0.9571428571428572
173063 -1 58892 1013691 173771 0.9571428571428572
173074 -1 51564 817903 173834 0.9857142857142858
173064 -1 62776 925473 173667 0.9428571428571428
173074 -1 50590 781527 173600 0.9571428571428572
173093 -1 42893 764111 173707 0.9857142857142858
173053 -1 62467 946474 174027 0.9857142857142858
173039 -1 46696 777852 173907 0.9714285714285714
173071 -1 60697 1078710 173664 0.9571428571428572
173057 -1 47793 796355 173742 0.9857142857142858
173071 -1 46296 731101 173822 0.9714285714285714
173039 -1 69978 1066170 173827 1
173055 -1 43035 657112 173715 1
173060 -1 65295 954864 173489 1
173057 -1 48652 725652 173775 0.9857142857142858
172987 -1 60256 908373 173588 0.9857142857142858
173119 -1 55292 820941 173719 0.9857142857142858
173046 -1 45418 692400 173892 0.9857142857142858
172898 -1 46319 702003 173758 0.9857142857142858
173027 -1 49258 713479 173706 0.9571428571428572
173021 -1 59060 884585 174080 1
173057 -1 43691 648067 173947 0.9857142857142858
172988 -1 57567 864566 173720 1
172881 -1 47932 732100 173876 0.9857142857142858
172999 -1 41004 705658 173629 1
173084 -1 63159 981943 174032 0.9714285714285714
173113 -1 54861 822972 173611 0.9857142857142858
173013 -1 52770 868740 173703 1
173021 -1 56517 866178 173509 0.9857142857142858
173049 -1 58810 906033 173458 0.9571428571428572
173068 -1 49146 769479 173487 0.9714285714285714
173131 -1 40275 674273 173786 1
173031 -1 59585 905693 173647 0.9857142857142858
173051 -1 58883 920583 173711 0.9857142857142858
173058 -1 58721 904513 173589 1
173046 -1 48470 767426 173754 0.9857142857142858
173058 -1 57395 879091 173573 0.9857142857142858
173065 -1 49165 760461 174173 1
173015 -1 62492 929476 173617 0.9857142857142858
173095 -1 55027 834239 173988 0.9857142857142858
173059 -1 67620 1040217 173904 0.9571428571428572
173080 -1 54017 942309 173589 0.9714285714285714
173061 -1 41074 729240 173824 0.9857142857142858
173068 -1 47955 836100 173853 0.9857142857142858
173072 -1 60367 931519 173788 1
173037 -1 57235 893119 173616 0.9857142857142858
173043 -1 59878 903999 173755 1
173031 -1 61636 906073 174047 0.9714285714285714
173091 -1 43027 686102 173796 0.9714285714285714
172934 -1 50344 844407 173816 0.9714285714285714
173074 -1 59545 892301 173855 1
173056 -1 48436 775802 173890 0.9857142857142858
173089 -1 60055 889254 173807 0.9428571428571428
172969 -1 58068 876200 174100 0.9714285714285714
173108 -1 50278 861103 173942 1
173080 -1 66780 1018154 173811 0.9714285714285714
173007 -1 60833 914039 173718 0.9714285714285714
173084 -1 41574 749021 173712 0.9857142857142858
173092 -1 58722 881810 173594 0.9857142857142858
173026 -1 46098 707070 173991 1
173020 -1 58323 885016 173645 1
173078 -1 49572 736785 173669 1
173071 -1 54125 820368 173632 0.9857142857142858
172987 -1 48708 751944 173792 1
172845 -1 45379 689717 173758 0.9714285714285714
173085 -1 55712 825072 173685 1
173089 -1 57862 861192 173826 1
173023 -1 39498 584295 173877 1
173002 -1 56263 846243 173769 1
173126 -1 60908 999726 173764 1
173026 -1 56629 875310 173888 1
172847 -1 54404 814210 173586 1
172984 -1 51511 773867 173635 1
173006 -1 34452 778172 173921 1
173086 -1 55942 1009898 173617 0.9857142857142858
173046 -1 64309 1054496 174164 0.9714285714285714
173035 -1 72479 1140946 173954 0.9857142857142858
173053 -1 42520 666890 173778 1
173039 -1 39618 625377 173623 0.9857142857142858
173075 -1 42072 726772 173771 1
172989 -1 64019 1057989 173598 1
173032 -1 52193 854085 174147 1
173021 -1 54942 811684 173681 1
173112 -1 49851 757323 173791 1
173035 -1 62047 961410 173990 0.9714285714285714
173025 -1 53036 789124 173559 1
173058 -1 52402 775481 174076 0.9857142857142858
173024 -1 43292 662672 173753 1
173095 -1 46067 695123 173835 0.9857142857142858
173034 -1 49431 753133 173894 0.9857142857142858
173094 -1 46047 690362 173634 1
173075 -1 48000 855454 173857 0.9857142857142858
173052 -1 55088 840269 173568 0.9857142857142858
173094 -1 58171 874476 173702 0.9714285714285714
173066 -1 56808 866840 173539 0.9857142857142858
172975 -1 52492 794766 173866 1
173078 -1 58601 871929 173789 0.9857142857142858
173042 -1 55499 841845 173647 0.9714285714285714
173110 -1 56714 871749 174069 0.9714285714285714
173041 -1 55483 825870 173562 1
173017 -1 51182 763724 173552 1
172979 -1 54732 827134 173834 1
173044 -1 64273 959716 173832 1
172871 -1 56294 867622 173770 1
173118 -1 45899 733375 173806 1
172946 -1 54817 819373 173698 1
173072 -1 57383 881824 173891 1
173085 -1 64508 980456 173934 1
172968 -1 58959 884285 173828 1
173100 -1 58395 892469 173599 0.9714285714285714
173014 -1 40676 605419 173861 1
172979 -1 56273 838133 173924 1
