109607 -1 39839 408357 110158 1
109566 -1 31981 341415 110098 0.9833333333333333
109527 -1 41332 417141 110148 0.9833333333333333
109547 -1 30588 307630 110070 0.9833333333333333
109583 -1 35822 392063 110183 0.9833333333333333
109566 -1 34906 351521 110076 0.9833333333333333
109533 -1 32725 327527 110075 0.95
109558 -1 37139 367908 109900 1
109587 -1 36763 405353 110148 1
109613 -1 32352 336194 109761 1
109615 -1 34938 400412 109868 0.9833333333333333
109600 -1 35714 381981 110058 0.9666666666666667
109593 -1 29773 313809 110207 1
109623 -1 37074 385017 110115 1
109606 -1 28267 298015 110034 1
109508 -1 26583 288885 109993 0.9833333333333333
109563 -1 30715 305057 109945 0.9666666666666667
109611 -1 36644 386370 110128 0.9833333333333333
109481 -1 30802 318945 110342 1
109552 -1 30688 305717 110172 0.9833333333333333
109570 -1 26836 275591 110129 0.9833333333333333
109571 -1 28342 290939 110210 1
109581 -1 35849 371647 110045 0.8833333333333333
109576 -1 29792 297655 109974 0.9833333333333333
109606 -1 31696 309604 109935 1
109602 -1 36636 377541 110000 0.9833333333333333
109539 -1 37510 370246 109905 1
109529 -1 34275 351300 110154 1
109513 -1 29256 307778 109967 1
109606 -1 34683 342624 109831 0.9833333333333333
109564 -1 30300 303042 110140 0.9666666666666667
109527 -1 32221 336782 109938 0.9833333333333333
109549 -1 31287 336077 110103 0.9833333333333333
109571 -1 33689 357287 110364 1
109559 -1 38685 407246 110095 1
109580 -1 33690 404817 110250 0.9833333333333333
109508 -1 33327 342608 110250 1
109588 -1 39973 473349 110000 1
109545 -1 31316 316876 110165 1
109574 -1 39294 410953 110243 0.9833333333333333
109632 -1 26922 279515 110324 0.9833333333333333
109526 -1 48640 498949 110087 0.9833333333333333
109539 -1 34134 332501 110113 0.9666666666666667
109569 -1 35750 385200 110337 0.9833333333333333
109535 -1 24544 337206 110139 1
109576 -1 33065 373300 110127 1
109514 -1 38412 392928 110216 1
109551 -1 33026 323809 110138 0.9833333333333333
109527 -1 39098 387047 110069 0.9833333333333333
109502 -1 31037 318285 110390 0.9666666666666667
109585 -1 26961 272956 109948 0.95
109544 -1 30896 321101 110031 0.9833333333333333
109496 -1 36738 370455 110099 0.9833333333333333
109593 -1 31233 342586 110025 1
109607 -1 37539 410419 110246 1
109570 -1 31485 344107 110231 0.9666666666666667
109570 -1 33222 337241 110043 1
109609 -1 28031 293946 110204 1
109524 -1 33778 353331 109991 1
109587 -1 34330 338191 110147 1
109593 -1 37873 372360 110042 0.9833333333333333
109628 -1 29114 287098 109960 1
109534 -1 31651 320808 110038 0.9833333333333333
109547 -1 30679 309918 109801 1
109569 -1 37141 375848 109943 1
109554 -1 30997 320143 110229 0.9833333333333333
109600 -1 32798 335930 110095 1
109571 -1 29916 299298 110172 0.9666666666666667
109559 -1 35378 355395 109994 1
109515 -1 30423 313917 110098 1
109619 -1 34672 349320 109834 0.9666666666666667
109573 -1 37490 374077 110010 0.9833333333333333
109606 -1 31347 311188 110149 0.9833333333333333
109553 -1 30443 313481 110156 1
109530 -1 30278 308029 110185 1
109565 -1 30828 345477 109928 0.9666666666666667
109521 -1 36215 384494 110032 0.9833333333333333
109631 -1 29399 306361 109985 0.9666666666666667
109576 -1 25053 263149 110127 0.9666666666666667
109587 -1 39428 399749 110101 1
109465 -1 30966 310291 109967 1
109600 -1 22828 329302 110215 0.9833333333333333
109544 -1 32196 324733 109954 1
109533 -1 29038 289269 109926 0.9666666666666667
109630 -1 28325 298684 110281 1
109547 -1 29246 323994 110170 0.9833333333333333
109530 -1 39311 408404 110265 0.9666666666666667
109573 -1 25898 262165 110128 1
109530 -1 32461 360480 110153 1
109496 -1 28263 298925 110176 0.9833333333333333
109491 -1 40952 410292 109891 0.9833333333333333
109585 -1 35941 362261 110302 1
109535 -1 36452 365081 110164 0.9833333333333333
109455 -1 36436 360310 109869 0.9666666666666667
109561 -1 36770 372331 110101 0.9666666666666667
109563 -1 35230 354466 110195 0.9833333333333333
109578 -1 29596 317522 110129 0.95
109605 -1 28668 280269 110014 0.9666666666666667
109597 -1 24685 246418 110167 0.9833333333333333
109526 -1 33368 322086 110450 0.9833333333333333
109553 -1 39818 405923 110101 1
109501 -1 31186 323951 110354 1
109461 -1 37857 424805 110140 1
109541 -1 20656 265871 110174 0.9833333333333333
109599 -1 39837 402905 110100 0.9833333333333333
109549 -1 28686 292065 110254 1
109562 -1 32332 325485 110216 0.9833333333333333
109524 -1 30801 313535 110075 1
109575 -1 35084 359337 110151 0.95
109632 -1 30584 344392 110360 0.95
109519 -1 32727 341056 110286 1
109464 -1 38477 383104 110385 1
109569 -1 32135 324441 110024 0.9666666666666667
109607 -1 24557 248371 110048 0.9833333333333333
109600 -1 32807 322245 110279 0.9666666666666667
109549 -1 33799 330771 110101 1
109559 -1 33992 339940 110145 0.95
109576 -1 27729 284252 110051 1
109599 -1 29645 297464 110144 0.9833333333333333
109582 -1 24922 246797 110288 0.9833333333333333
109579 -1 33265 331237 110260 1
109592 -1 38484 374198 110389 0.95
109603 -1 38371 372995 110261 1
109575 -1 29471 298982 110016 0.9833333333333333
109563 -1 42773 452532 110283 1
109552 -1 43484 429950 110236 1
109585 -1 32717 342677 110137 1
109529 -1 32919 326562 109878 1
109474 -1 34048 342324 110040 0.95
109555 -1 26395 267058 109952 0.9833333333333333
109571 -1 39473 399581 110121 1
109567 -1 32939 335412 110015 0.9666666666666667
109547 -1 31992 322673 110053 1
109530 -1 35286 369801 110223 0.9833333333333333
109558 -1 30568 305069 109946 1
109596 -1 32478 345564 110288 0.95
109600 -1 27300 279434 110067 0.9666666666666667
109597 -1 39029 392104 110193 1
109617 -1 25840 265858 109953 1
109568 -1 28367 284065 110083 0.9666666666666667
109551 -1 36820 384767 110003 1
109521 -1 35625 367216 110097 0.95
109605 -1 31029 302753 109979 1
109603 -1 37634 386718 109989 1
109628 -1 34046 338913 110147 1
109498 -1 35524 357433 109997 0.9833333333333333
109582 -1 27456 275305 110240 0.9833333333333333
109606 -1 31896 325449 110205 1
109586 -1 29521 291930 110053 0.9833333333333333
109558 -1 34408 351733 110163 1
109579 -1 32073 331782 110051 0.9666666666666667
109571 -1 30722 304612 110299 0.95
109565 -1 31011 307404 110202 1
109562 -1 32094 326189 110094 0.9833333333333333
109529 -1 32211 326989 110039 1
109556 -1 38828 386815 110100 0.9833333333333333
109579 -1 24323 246145 110123 0.9833333333333333
109615 -1 32632 388531 110239 0.9833333333333333
109578 -1 39761 402843 110324 1
109507 -1 36002 353515 110164 0.9833333333333333
109528 -1 28894 304058 110195 0.9833333333333333
109463 -1 27108 272432 110028 0.9833333333333333
109606 -1 37550 387704 110116 0.9666666666666667
109554 -1 31925 311491 109752 1
109523 -1 32047 321268 110224 1
109548 -1 31285 305024 109965 1
109642 -1 24825 244043 110074 0.9833333333333333
109520 -1 37024 364584 110116 0.9833333333333333
109560 -1 38835 391240 110085 1
109591 -1 30925 312244 109923 0.9833333333333333
109630 -1 21991 223000 110058 0.9833333333333333
109578 -1 34404 342830 110205 0.95
109563 -1 31564 343642 110207 0.9833333333333333
109610 -1 37237 365656 109992 0.9833333333333333
109623 -1 39381 406511 110028 0.9833333333333333
109560 -1 35331 344943 109968 1
109521 -1 32083 327522 110152 0.9666666666666667
109597 -1 32045 352064 110313 1
109520 -1 34550 356271 109813 0.9833333333333333
109544 -1 32662 330376 110007 0.9666666666666667
109593 -1 40638 418053 110228 0.9833333333333333
109544 -1 34767 364984 110190 1
109550 -1 30336 308914 109924 0.9833333333333333
109519 -1 31372 331842 110090 1
109576 -1 31625 311609 110288 1
109525 -1 39633 414810 110153 1
109487 -1 27025 295822 110283 1
109643 -1 35093 409277 110257 0.9833333333333333
109582 -1 32725 388136 110034 0.9833333333333333
109577 -1 32746 364577 109830 0.9666666666666667
109516 -1 34434 389504 110166 1
109556 -1 32619 373368 110485 0.95
109564 -1 28535 324405 110212 1
109579 -1 29827 331645 109930 0.9833333333333333
109498 -1 35081 379751 110068 1
109536 -1 37640 408937 110041 1
109536 -1 29659 325107 110156 0.9666666666666667
109503 -1 36251 403336 110080 1
109492 -1 37159 417516 110299 0.9333333333333333
109544 -1 33338 366763 110041 1
109456 -1 30382 335435 110093 0.9833333333333333
109539 -1 39087 445068 110296 1
109587 -1 24909 335145 110088 0.9833333333333333
109550 -1 34823 402313 110043 0.9833333333333333
109505 -1 29749 341929 110104 0.95
109565 -1 29277 348445 110009 0.9833333333333333
109520 -1 31071 352239 109976 0.9666666666666667
109571 -1 26742 314378 109932 0.9833333333333333
109555 -1 42110 476034 110063 1
109566 -1 24175 280168 109960 1
109586 -1 24859 290392 110247 0.95
109579 -1 33111 375435 110185 0.95
109581 -1 35568 400358 110196 1
109629 -1 28935 328963 110115 0.9833333333333333
109594 -1 33578 383318 109934 1
109564 -1 31536 368830 110033 0.9666666666666667
109591 -1 32127 364898 110102 0.9833333333333333
109528 -1 30167 379578 109948 0.9833333333333333
109609 -1 34971 399216 110180 1
109581 -1 29497 339260 110177 0.9833333333333333
109579 -1 40380 457316 110259 0.9833333333333333
109616 -1 29316 341072 110164 0.9833333333333333
109543 -1 26357 297254 110079 0.9666666666666667
109593 -1 30891 358161 110150 0.95
109613 -1 41513 482346 110054 0.9833333333333333
109603 -1 25694 306796 110183 1
109562 -1 29964 371057 110021 0.9833333333333333
109561 -1 30638 388480 109959 0.9666666666666667
109566 -1 29492 340625 110051 0.9666666666666667
109533 -1 32956 401354 110216 1
109566 -1 34939 404455 110310 1
109522 -1 30591 341569 110094 0.9833333333333333
109593 -1 27264 307593 110007 1
109557 -1 29094 339395 110098 1
109574 -1 29193 330663 110010 1
109605 -1 29151 319990 109973 0.9666666666666667
109505 -1 28582 351293 110023 0.95
109577 -1 32303 361861 109919 0.9833333333333333
109549 -1 22401 285835 110028 0.9333333333333333
109599 -1 30847 352481 110094 0.9833333333333333
109561 -1 28784 333922 110004 0.9833333333333333
109585 -1 33462 382674 110157 0.9666666666666667
109536 -1 38484 444387 110106 1
109547 -1 24221 284452 110037 0.9666666666666667
109541 -1 34051 386715 110064 0.9833333333333333
109587 -1 34624 407295 110111 0.9333333333333333
109571 -1 31648 367286 110252 0.9333333333333333
109497 -1 21958 249382 110015 1
109596 -1 35347 411733 110072 0.9833333333333333
109581 -1 35777 406167 110160 0.9833333333333333
109635 -1 27055 308381 110168 1
109515 -1 30058 340435 109906 1
109581 -1 30694 346336 110287 0.9833333333333333
109615 -1 29119 348091 110384 0.9833333333333333
109567 -1 37314 433653 110311 1
109553 -1 32450 372480 109719 0.9833333333333333
109545 -1 32356 374883 110087 0.9666666666666667
109535 -1 37226 433744 110072 0.9833333333333333
109568 -1 31766 363471 110256 0.9666666666666667
109607 -1 35345 410000 110059 0.9833333333333333
109584 -1 29468 350760 110134 0.9833333333333333
109525 -1 29911 333336 110022 0.9833333333333333
109616 -1 30139 356224 110089 0.9666666666666667
109541 -1 34009 401272 109982 0.9666666666666667
109575 -1 30213 357192 110026 1
109586 -1 36046 407830 109947 0.9666666666666667
109571 -1 27876 325379 110118 1
109624 -1 26936 316440 110001 0.9833333333333333
109583 -1 35159 395754 110124 0.9833333333333333
109545 -1 29785 345790 110032 0.9833333333333333
109540 -1 43780 497201 110033 0.9666666666666667
109586 -1 28926 327060 109941 1
109577 -1 30305 347463 110232 1
109508 -1 34841 406507 109920 0.9833333333333333
109571 -1 29681 338704 109803 1
109555 -1 29616 330490 110218 1
109551 -1 39371 464310 110212 0.9833333333333333
109544 -1 33347 393042 110216 0.9833333333333333
109581 -1 36377 405463 110215 0.9833333333333333
109581 -1 32395 368448 109928 1
109441 -1 35758 415923 109980 1
109543 -1 29259 330585 109959 0.9833333333333333
109606 -1 32387 376417 110171 0.9666666666666667
109579 -1 37186 429094 110153 0.9333333333333333
109491 -1 26588 294202 110046 1
109469 -1 29628 333774 110125 1
109575 -1 29273 340044 110128 0.9833333333333333
109616 -1 37294 420273 109941 0.9666666666666667
109557 -1 39245 440544 110098 1
109548 -1 45444 514664 110146 0.95
109495 -1 33278 382036 109907 0.9833333333333333
109609 -1 31858 358613 110135 0.95
109623 -1 30449 344773 110158 1
109517 -1 32840 378825 110443 0.9833333333333333
109597 -1 30244 355990 109833 0.9333333333333333
109609 -1 33542 383528 110048 0.95
109557 -1 29349 331334 110162 0.95
109595 -1 36196 403302 110052 0.9666666666666667
109527 -1 34208 387934 110112 0.9833333333333333
109477 -1 37236 420371 110420 1
