305710 -1 16664 87425 348898 1
302592 -1 14447 69951 334460 0.975
307496 -1 14526 67679 322154 1
306770 -1 15195 70544 346084 0.925
305254 -1 13284 68236 313158 0.975
308976 -1 14460 67478 340808 1
306722 -1 14989 78674 338848 1
304162 -1 12964 62433 346920 0.975
296568 -1 16085 77391 353550 0.95
306608 -1 13014 62415 329376 0.975
302048 -1 13425 63039 341470 0.925
305540 -1 12736 60382 347848 0.925
303668 -1 15109 69512 337932 0.95
302502 -1 13979 67037 343878 0.9
302308 -1 15088 73924 348708 0.925
304030 -1 12649 65978 344656 0.95
303612 -1 17820 92356 341744 0.95
306776 -1 15995 74293 344202 0.975
299270 -1 15399 72611 358514 0.95
303938 -1 12257 59469 337542 0.925
301960 -1 16064 83374 358900 0.925
307680 -1 15350 73382 356366 0.9
305514 -1 11838 72323 332666 0.95
308192 -1 11413 60543 331820 0.975
302530 -1 11821 59076 329000 0.975
306762 -1 11889 59208 338956 0.925
306702 -1 14373 69431 341742 0.975
307870 -1 12584 60577 359212 1
298942 -1 12396 59453 357794 0.975
305222 -1 12129 68285 352860 0.975
308170 -1 14143 70026 329916 1
305426 -1 12653 65440 343466 0.975
306348 -1 12725 69151 335980 1
306702 -1 12251 60364 338120 0.975
301248 -1 10536 57003 320822 0.975
304948 -1 10286 56023 349086 1
303842 -1 13455 72522 349986 0.95
306516 -1 9885 52489 345588 1
301924 -1 14794 70317 339052 0.975
308260 -1 14030 70615 335612 0.975
302426 -1 15264 73241 333202 0.975
305552 -1 11214 69033 324040 1
303276 -1 13041 73992 357100 1
301634 -1 7823 71913 339182 1
307696 -1 18219 85336 332722 0.925
303864 -1 10916 52219 343946 0.9
301620 -1 13479 62136 349414 1
308078 -1 9532 58631 338036 1
306924 -1 17284 83031 335962 0.975
304496 -1 12206 62350 333542 0.9
307394 -1 14046 66923 345702 0.95
302860 -1 14695 76117 330596 0.875
304112 -1 15659 74350 341882 0.975
305244 -1 12731 66187 347376 0.975
308416 -1 10679 50775 340434 0.975
304472 -1 11015 55126 335544 0.975
302650 -1 9522 44931 326376 0.975
298128 -1 15155 75429 338594 0.975
305048 -1 12693 80974 345304 0.975
305360 -1 15855 83014 335802 0.95
303774 -1 14156 71683 350704 0.975
308244 -1 11420 59056 331226 0.975
308794 -1 10261 62755 337644 0.975
307194 -1 14167 66626 338594 0.9
305154 -1 11011 55676 339206 0.925
307240 -1 12266 60476 351904 1
308030 -1 15070 84290 343554 0.975
305672 -1 15072 73630 330096 1
306928 -1 13499 65968 357622 1
303862 -1 16644 83711 345950 0.975
307234 -1 14046 67604 352430 1
301730 -1 11925 58895 333598 0.975
306666 -1 14199 73073 335210 0.975
304978 -1 13776 70260 355830 0.925
302878 -1 12622 69733 345898 1
304248 -1 13631 66058 341938 1
303306 -1 17831 87842 331670 0.925
302862 -1 11435 55824 346136 0.975
305028 -1 11008 59907 344396 0.975
305176 -1 11665 62779 350726 0.95
302398 -1 14771 69492 344980 0.975
302876 -1 13002 73629 340430 1
297792 -1 16044 78819 344842 0.975
298728 -1 10416 56893 346042 0.9
304850 -1 10112 55109 335582 1
307508 -1 13701 65386 331016 1
304758 -1 15655 75481 331686 0.95
307594 -1 12896 61116 337488 0.95
303412 -1 18932 89725 345650 0.975
304878 -1 10944 60678 338724 0.95
304396 -1 21365 108744 340844 0.95
307416 -1 14855 78717 336352 0.975
303210 -1 12446 67139 320296 1
305982 -1 17628 90452 341926 0.975
300060 -1 13160 73191 349546 0.975
305356 -1 14503 81485 355892 0.95
303770 -1 14602 83782 335932 1
308500 -1 16952 99519 338460 0.925
304440 -1 11235 60945 354138 1
305126 -1 14024 70396 354612 0.95
304024 -1 11813 62500 333064 0.95
302528 -1 11433 62655 340676 0.95
304556 -1 12867 62212 345588 0.975
308226 -1 13595 77159 342916 1
302612 -1 15201 87376 349856 0.925
304676 -1 11338 55527 329974 0.975
304712 -1 14694 74188 334606 0.95
306504 -1 12187 67289 311782 0.95
307350 -1 15513 76487 357954 1
305450 -1 11450 66518 332640 0.95
304904 -1 8887 67740 341976 0.975
304164 -1 13585 61625 343336 0.95
305986 -1 13820 67478 354876 1
299580 -1 14577 74715 342628 0.95
301816 -1 14142 69999 352734 1
305444 -1 12456 59643 343818 0.95
306012 -1 13711 70337 334424 0.975
308236 -1 14168 66327 320896 1
306386 -1 12679 61131 354476 1
305856 -1 14732 69618 355824 0.925
306176 -1 14085 68849 346440 0.95
306124 -1 11725 54907 340430 0.95
303232 -1 13486 77247 356562 0.975
303044 -1 14592 68649 322104 0.975
305422 -1 13732 66779 350360 0.975
304920 -1 9932 53098 353468 0.95
305388 -1 12755 64955 328844 1
307006 -1 12613 67864 333896 1
301272 -1 17234 82103 351334 1
307956 -1 12459 65202 339682 0.95
306302 -1 12912 61229 348820 0.975
305398 -1 16839 79516 345420 0.975
305950 -1 14466 69036 327384 1
307908 -1 9278 50514 347180 1
304734 -1 14418 71857 345438 0.975
306632 -1 13739 69667 338692 1
304550 -1 11459 61370 339698 0.9
305802 -1 12145 64024 343696 0.95
301196 -1 11799 57464 339592 1
306712 -1 11883 55867 340720 0.95
305176 -1 11258 55524 349462 0.975
301998 -1 12844 65505 342168 0.975
302966 -1 11419 54028 335140 0.925
302620 -1 14778 69190 334354 0.975
305210 -1 13367 73390 303146 0.975
308124 -1 14202 67152 338872 1
304946 -1 16767 78262 331012 1
303422 -1 13131 64160 352312 1
305024 -1 13615 62851 337094 0.95
305134 -1 12940 66706 351182 0.975
306262 -1 11308 65306 329562 1
307172 -1 16192 75157 345088 1
307144 -1 12400 64175 323478 0.925
302398 -1 11929 55454 349200 1
305638 -1 10908 61896 338046 0.975
300068 -1 13652 63925 354882 0.95
300142 -1 12729 59244 339338 0.925
299992 -1 14862 70064 345538 0.95
305108 -1 14558 75808 331766 0.95
304556 -1 19121 91100 338096 1
301746 -1 13889 71592 349976 0.975
303478 -1 15787 73622 352370 0.95
306684 -1 2960 78595 338838 0.95
302678 -1 12762 60099 332308 0.975
305862 -1 11944 54430 340212 0.925
297688 -1 14629 70351 361372 0.95
306894 -1 13079 61829 333674 1
304634 -1 16117 79822 329414 0.975
307290 -1 11479 56531 350626 1
303400 -1 17211 79529 343122 0.95
294726 -1 14368 66233 335106 1
303872 -1 13845 76948 335060 0.95
302272 -1 15139 69202 349644 0.925
306556 -1 13106 70177 352270 0.975
303956 -1 16498 80401 357618 0.95
305486 -1 12800 58800 325932 1
309768 -1 12764 65821 347802 1
298414 -1 10161 65990 331736 1
303392 -1 15177 77444 356000 0.925
303160 -1 12614 64213 342886 0.975
305320 -1 15924 90189 340830 0.95
305914 -1 15581 74415 342444 1
303064 -1 13415 68715 349050 0.975
306678 -1 11480 59223 358846 1
306252 -1 18349 86124 349970 0.95
305440 -1 17790 94790 349788 0.975
304456 -1 12301 65028 335240 0.95
307632 -1 11848 57715 354894 0.975
304120 -1 13939 77935 342428 0.975
308274 -1 16255 77023 347620 1
304750 -1 10019 53819 345396 0.95
304796 -1 14966 73904 355286 0.95
307446 -1 13360 78954 349912 0.975
305382 -1 14833 70464 337858 0.925
306846 -1 11116 58483 330136 0.95
307932 -1 16957 79820 356500 0.95
307820 -1 10647 53526 329808 0.975
307762 -1 13395 63819 324482 0.975
307644 -1 12640 61034 338448 0.925
304674 -1 13369 68776 334272 0.975
301796 -1 11106 59125 326538 0.95
306402 -1 10594 58373 328380 1
306428 -1 11597 55920 324882 0.875
302972 -1 12524 61096 346644 0.925
302220 -1 11320 54175 339432 1
300048 -1 16140 75779 343048 0.95
301696 -1 14564 75241 333160 0.95
302422 -1 14310 71719 333486 0.95
301802 -1 17453 83158 335934 1
308092 -1 10455 55278 330066 0.9
306202 -1 11473 67448 342656 0.975
305204 -1 16517 84421 359336 0.975
307366 -1 12266 68275 338110 0.975
307450 -1 15408 79124 334522 0.975
304290 -1 16585 85231 354518 0.975
305206 -1 14794 73889 326232 0.9
304952 -1 16374 84489 347936 1
305698 -1 17137 95160 337438 0.975
304996 -1 16300 80390 343300 0.975
307050 -1 15244 75660 327702 0.95
305400 -1 9884 68100 331058 0.95
306532 -1 9444 78774 347260 1
298214 -1 17522 91593 339176 1
304424 -1 13804 69686 334312 0.975
307190 -1 12247 62908 338632 0.975
303078 -1 13072 70050 335852 0.95
300172 -1 11106 58675 326446 0.95
305174 -1 11170 65365 323682 0.975
303236 -1 13489 66907 349346 0.975
303972 -1 11506 57172 329470 0.975
298310 -1 11593 59359 352926 1
308590 -1 11704 63312 347420 1
307790 -1 9801 52455 353978 1
305544 -1 14747 71743 348296 0.975
309812 -1 13461 62595 348576 0.95
304018 -1 11883 60977 340462 1
303938 -1 14990 71779 355166 1
301690 -1 12808 61527 343338 0.9
309412 -1 11488 58387 341662 1
298448 -1 8138 54953 335668 0.975
307898 -1 10396 55320 335900 0.95
308098 -1 11959 63851 343404 1
300338 -1 14413 78825 339044 0.975
304530 -1 14359 87225 337368 1
304330 -1 10289 67084 342724 0.975
305840 -1 17404 109371 340648 1
307310 -1 15597 74081 340096 0.95
304976 -1 14749 70012 359132 0.95
300594 -1 13855 66771 334544 0.975
305110 -1 12603 69598 342398 0.975
304610 -1 16969 83303 360586 1
304304 -1 16251 76875 337658 0.95
306022 -1 13944 74533 347646 0.975
304364 -1 16895 81095 354682 0.975
302140 -1 9610 50599 355572 0.925
300032 -1 12086 65258 330874 0.9
307690 -1 14428 68213 342448 1
302944 -1 13038 66917 346220 0.95
305610 -1 13182 63201 340870 0.975
307270 -1 16752 78231 341266 0.975
301988 -1 11434 54578 323334 0.975
304436 -1 15865 76322 349926 1
305814 -1 14431 71159 349206 0.95
308206 -1 13259 75043 353004 0.975
299906 -1 12747 63524 344524 0.975
304238 -1 15386 71445 350292 1
304308 -1 15151 72168 348420 0.975
305258 -1 13563 63880 357822 1
299466 -1 14238 69408 354214 0.95
303440 -1 14727 75706 350662 0.975
301678 -1 12416 71255 359896 1
302624 -1 11977 72969 342114 0.925
304476 -1 12871 68572 349240 0.975
304336 -1 13775 65382 327174 1
308710 -1 11299 54706 320136 0.9
306524 -1 14297 68422 327380 0.975
302702 -1 16572 81787 327144 1
305466 -1 10055 48530 332254 1
302212 -1 13446 67545 341450 1
302764 -1 12763 73789 356814 1
305964 -1 14262 73568 347944 0.975
299872 -1 15132 73463 349358 1
301016 -1 11607 61368 336396 0.975
306338 -1 15012 81379 348208 1
308246 -1 10441 57346 328886 1
301594 -1 14621 79390 342450 0.975
305394 -1 10830 59645 331604 1
306816 -1 12208 64476 328114 0.95
306622 -1 10927 52191 344670 1
299328 -1 15264 77884 340096 0.975
304712 -1 15997 74895 339872 0.95
304924 -1 14010 67029 336238 0.975
306936 -1 11161 62610 347064 0.975
299830 -1 13002 60833 339208 0.975
298846 -1 17521 86837 337162 1
309844 -1 9456 61784 345644 0.95
308912 -1 11938 74981 327826 1
304994 -1 11863 69252 325490 0.975
302318 -1 15077 68810 337386 0.975
304028 -1 14612 67659 347266 0.975
