53506 -1 28778 218271 54482 0.98
53454 -1 26976 199756 54164 0.98
53364 -1 38508 342928 55460 0.92
53350 -1 31756 252555 56524 0.98
53454 -1 30300 232818 55618 0.98
53328 -1 28436 210496 55066 1
53322 -1 32507 251475 54922 0.94
53268 -1 28365 213933 55652 0.98
53414 -1 29989 222125 55918 1
53318 -1 28621 217157 54986 1
53006 -1 41057 294665 55330 0.98
53438 -1 31314 233699 54582 0.98
53588 -1 29828 266114 55858 1
53152 -1 35858 264175 56308 0.96
53492 -1 32369 260361 55536 0.98
53270 -1 32680 254926 55420 0.98
53246 -1 26248 249926 56088 1
53402 -1 41005 314858 55286 0.96
53480 -1 30887 241532 55688 1
53492 -1 29209 234829 55168 0.98
53248 -1 42036 322839 54336 0.98
53410 -1 30793 233949 56132 0.98
53524 -1 27942 232606 56000 0.9
53384 -1 46364 341742 55622 0.96
53476 -1 31875 242146 55808 0.96
53238 -1 31975 246353 55854 0.96
53534 -1 47378 357839 56136 1
53262 -1 31717 236346 55776 0.96
53530 -1 33254 289683 55584 0.96
53400 -1 28557 246519 55812 0.96
53456 -1 32214 262636 55376 0.96
53366 -1 35042 285729 55402 0.92
53318 -1 32436 244528 55258 1
53478 -1 34382 266427 54554 1
53512 -1 26878 214228 55306 0.98
53408 -1 28182 232547 55392 1
53614 -1 24651 188395 55274 1
53502 -1 30297 263838 54836 1
53430 -1 35029 271471 54894 0.98
53266 -1 27816 213729 55702 0.98
53382 -1 27955 211663 54980 0.9
53370 -1 32969 236857 55690 0.96
53230 -1 35170 257623 55814 0.96
53540 -1 30735 239004 55660 1
53440 -1 35983 281217 56466 0.96
53548 -1 29739 231496 56322 0.98
53466 -1 39411 286441 55344 1
53454 -1 40396 316359 54948 0.98
53344 -1 22281 219223 55140 1
53246 -1 36557 301134 55238 0.96
53228 -1 29860 234830 55450 0.96
53220 -1 36527 275637 55146 1
53250 -1 33195 243051 55438 0.96
53392 -1 41582 323734 54964 0.98
53440 -1 33939 251418 56054 1
53450 -1 32200 240579 55340 0.98
53272 -1 44294 337485 55766 0.98
53312 -1 31052 231040 56242 0.98
53360 -1 22261 165431 55300 0.98
53338 -1 33269 246108 56086 0.98
53220 -1 42466 329304 56430 0.9
53508 -1 40601 302554 56134 1
53356 -1 29160 215580 55402 1
53338 -1 39669 280583 56100 0.96
53506 -1 34933 275317 54942 1
53330 -1 32053 232730 55546 0.98
53364 -1 36352 268302 55604 0.92
53254 -1 35851 287524 55940 0.98
53376 -1 38902 301831 55362 0.98
53270 -1 25607 248121 55832 0.98
53342 -1 32457 248917 56008 1
53256 -1 32611 232915 55886 0.98
53248 -1 34991 255617 55614 0.96
53348 -1 37867 279121 55110 0.96
53388 -1 35107 255172 55794 0.98
53452 -1 32452 247092 54722 1
53266 -1 37401 272833 55592 0.98
53170 -1 31454 230955 55024 0.94
53492 -1 34181 249614 55082 1
53332 -1 40979 306369 56264 0.96
53494 -1 33383 246532 55414 1
53398 -1 34628 251670 55656 0.96
53378 -1 38384 285915 55728 0.98
53420 -1 33919 250501 55128 0.98
53226 -1 25558 190067 55230 0.98
53178 -1 32820 258228 55214 0.96
53264 -1 32117 253579 54862 0.96
53552 -1 27575 229896 56178 0.96
53526 -1 35154 294976 54476 0.98
53406 -1 40464 303261 55422 0.98
53486 -1 32134 252950 56330 1
53512 -1 37974 301101 54974 1
53522 -1 35186 259156 54722 0.94
53420 -1 31619 229252 56932 1
53142 -1 28704 212834 54988 0.98
53286 -1 40136 293585 55470 0.94
53358 -1 37187 280796 55214 0.98
53150 -1 36616 272467 55758 1
53370 -1 34119 249827 54956 0.98
53078 -1 30243 220816 55344 0.96
53232 -1 31926 240860 55248 0.96
53098 -1 36794 263789 55580 0.98
53180 -1 34458 256441 55356 0.98
53340 -1 38090 269109 55718 0.96
53406 -1 23693 173484 55450 0.98
53492 -1 31172 233706 55498 1
53526 -1 32575 236906 55360 0.98
53386 -1 30184 220909 55658 0.9
53306 -1 28742 203989 54838 0.96
53502 -1 29281 218582 55512 0.96
53494 -1 26068 217776 56126 0.94
53400 -1 34046 258938 55892 0.98
53462 -1 29001 217091 55580 1
53400 -1 32414 251424 55788 1
53414 -1 28013 212188 55588 1
53352 -1 36688 264733 55724 1
53224 -1 31067 223764 55510 0.94
53502 -1 26986 221744 55534 1
53150 -1 30801 236770 54648 0.98
53588 -1 29444 225574 54730 0.98
53400 -1 28044 211855 54776 0.94
53420 -1 31522 248549 54984 0.98
53366 -1 32467 238295 56486 0.94
53400 -1 26655 214049 55054 1
53314 -1 34855 266265 55062 0.98
53378 -1 37578 273337 55286 1
53354 -1 32296 242550 55196 1
53050 -1 27078 198503 54602 0.96
53434 -1 33015 269923 55938 0.94
53238 -1 31004 250086 55778 0.98
52612 -1 37377 283376 55598 1
53364 -1 32002 248418 55528 0.96
53324 -1 28120 211951 55534 0.98
53572 -1 26872 199811 54888 0.98
53410 -1 40207 297644 55400 1
53410 -1 31752 243740 55810 0.96
53580 -1 28166 227598 55034 1
53552 -1 37002 290171 55320 0.96
53312 -1 26243 199763 55404 0.96
53450 -1 30088 256098 55528 0.92
53400 -1 27050 198376 55962 0.94
53470 -1 42817 316960 55498 1
53398 -1 34052 253831 55944 0.98
53310 -1 32561 252744 55218 1
53480 -1 37069 299197 55110 1
53456 -1 34045 267754 56064 1
53308 -1 30619 254817 55724 0.96
53516 -1 31021 224095 55648 0.98
53568 -1 31107 230888 55256 1
53206 -1 34034 249626 54848 0.98
53464 -1 29198 209419 55374 0.96
53668 -1 27220 194536 55756 0.98
53082 -1 32549 232693 55638 0.98
53150 -1 33005 239974 56620 0.96
53002 -1 38004 279538 55574 0.96
53574 -1 24381 196513 55440 0.98
53280 -1 23293 202778 55970 0.98
53228 -1 35070 278006 55296 0.94
53452 -1 33844 241157 54768 0.98
53554 -1 36693 294806 55764 0.92
53434 -1 26416 203964 55118 1
53410 -1 28461 214666 56472 1
53164 -1 29516 212640 55168 0.96
53322 -1 33095 242331 55290 0.96
53600 -1 23571 174841 56630 0.98
53448 -1 34352 262340 54950 0.96
52918 -1 30531 263684 55444 0.96
53218 -1 29811 261998 56226 0.96
53404 -1 32128 276451 55720 0.98
53516 -1 28331 205129 56002 0.98
53396 -1 37615 268706 55554 0.98
53308 -1 35415 275202 54546 1
53372 -1 24927 255941 54888 1
53344 -1 29372 282444 55622 1
53488 -1 36540 265149 55404 0.94
53414 -1 23847 179336 56378 0.96
53350 -1 30472 321907 55566 1
53526 -1 36949 308289 54656 0.98
53210 -1 48472 360026 55016 0.94
53466 -1 25402 187211 55876 1
53352 -1 32671 289472 55564 1
53456 -1 31586 237760 56150 0.96
53526 -1 26945 204596 55634 0.96
53470 -1 33130 253935 55932 0.94
53482 -1 22806 210176 54770 0.94
53468 -1 25591 196504 55744 1
53424 -1 32419 241021 55620 1
53482 -1 31344 246528 56160 0.98
53026 -1 31340 235763 55922 1
53182 -1 42725 318145 56252 0.82
53402 -1 31880 230319 54882 0.96
53252 -1 33027 245194 54702 0.96
53374 -1 44246 323109 56020 1
53292 -1 32750 256033 55340 0.94
53352 -1 30069 231336 55500 0.96
53362 -1 28994 212234 55984 1
53446 -1 29587 226221 55644 0.98
53516 -1 28484 202036 56372 0.9
53110 -1 35061 261708 55526 1
53458 -1 23974 184724 54554 0.96
53430 -1 28501 244913 54708 1
53066 -1 37998 306110 54470 0.98
53438 -1 35350 295201 55280 0.94
53442 -1 25936 235262 55142 1
53328 -1 35823 269783 54720 1
53186 -1 26857 214933 55244 1
53550 -1 32837 259591 56188 0.96
53434 -1 29539 263756 55992 0.98
53362 -1 25657 191968 55556 1
53142 -1 35709 267314 55646 0.98
53532 -1 34286 256783 54480 0.98
53056 -1 28937 222244 56200 0.96
53426 -1 32851 244127 55104 1
53452 -1 30464 234431 55678 0.98
53358 -1 35506 286818 55398 0.96
53328 -1 37441 310133 55592 1
53140 -1 31236 252898 55120 0.98
53280 -1 37958 279621 55592 0.98
53292 -1 29779 225466 55704 1
53454 -1 33024 259206 55854 0.98
53248 -1 24350 223081 54724 1
53096 -1 26548 231741 55204 0.98
53510 -1 29577 239080 54728 1
53486 -1 31738 245659 54884 0.98
53370 -1 30321 218434 55686 0.94
53548 -1 26946 217185 56116 1
53532 -1 31001 227086 55388 1
53320 -1 39702 298202 55966 0.96
53396 -1 29007 250629 54024 0.98
53182 -1 27225 245787 55656 0.94
53502 -1 29028 219199 55434 1
53090 -1 38341 286637 55316 0.98
53272 -1 36886 288079 55928 0.98
53330 -1 31497 231795 55412 1
53488 -1 31869 248076 54634 0.94
53158 -1 21095 185128 54542 1
53360 -1 32719 244367 55174 0.98
53158 -1 34876 255343 55990 1
53432 -1 31505 235981 56098 0.98
53386 -1 29900 215163 55908 0.96
53414 -1 28787 220231 55150 0.98
53270 -1 36095 268503 56008 0.98
53460 -1 24428 193435 55558 1
53420 -1 24493 182775 55998 1
53596 -1 36383 270360 54590 0.96
53226 -1 34556 256268 55592 0.96
53466 -1 35161 257147 56630 0.9
53390 -1 33623 247262 55888 0.92
53284 -1 31582 234686 55816 1
53102 -1 26944 196023 55638 1
53450 -1 25998 206859 56268 0.98
53460 -1 48228 362555 54970 1
53322 -1 30713 243851 55032 1
53356 -1 35279 287466 56132 0.98
53430 -1 35477 278726 55800 0.94
53568 -1 36921 281557 55270 0.96
53300 -1 43134 318360 55782 0.96
53400 -1 36589 266779 56032 0.96
53410 -1 36929 289201 54750 0.94
53284 -1 33407 251544 55054 0.98
53460 -1 30694 253782 55518 0.98
53490 -1 38375 317808 55942 0.96
53402 -1 37711 278945 56076 0.94
52862 -1 29392 213274 56446 0.96
53352 -1 28348 229061 55116 1
53298 -1 28397 211968 54808 0.98
53198 -1 33263 248334 54560 1
53286 -1 27412 209429 56018 0.98
53164 -1 31241 233930 55204 0.94
53288 -1 31817 233353 55008 0.96
52920 -1 33008 240183 56142 0.98
53254 -1 29713 223431 55548 0.98
53322 -1 31882 233677 55890 1
53334 -1 36912 267602 56754 0.98
53402 -1 37944 271979 54932 1
53406 -1 30901 225406 55396 1
53096 -1 37577 274373 55406 1
53374 -1 31271 295520 55226 0.98
53558 -1 24454 216256 56392 0.98
53436 -1 35117 260283 55414 0.98
53358 -1 38616 296362 55310 0.96
53422 -1 28043 204202 55380 0.98
53098 -1 33937 267659 56158 1
53288 -1 37492 281982 56290 0.98
53158 -1 30993 231837 55922 0.96
53508 -1 27853 237960 55634 0.98
53434 -1 31578 274580 54896 0.96
53388 -1 33789 249134 56406 0.98
53028 -1 30438 225058 55528 1
53424 -1 28625 216173 55470 0.96
53538 -1 25178 201416 55336 0.98
53102 -1 39332 300953 55208 0.94
53248 -1 25188 192759 54742 0.96
53382 -1 31179 225147 55390 0.98
53488 -1 25823 182081 55120 1
53354 -1 22765 196359 55644 0.98
53426 -1 31616 224187 55918 0.98
53322 -1 29228 221278 55366 1
53268 -1 48518 352771 56446 0.98
53280 -1 25997 191313 54846 1
