4096805 -1 2868 7193 4096805 0.9230769230769231
4247768 -1 3637 7263 4247768 0.9615384615384616
4181858 -1 4036 7366 4181858 0.9615384615384616
4238912 -1 5457 10114 4238912 0.9230769230769231
4062259 -1 3242 6238 4062259 0.9230769230769231
4161467 -1 5144 9655 4161467 0.9230769230769231
4116345 -1 4035 7493 4116345 1
4154403 -1 3788 6949 4154403 0.9615384615384616
4241615 -1 3762 6960 4241615 0.9615384615384616
4186183 -1 3858 7201 4186183 1
4256409 -1 3373 6508 4256409 1
4267850 -1 4091 8097 4267850 1
4216331 -1 3265 5954 4216331 1
4250026 -1 3609 6628 4250026 0.9230769230769231
4145686 -1 3777 7072 4145686 0.9615384615384616
4120771 -1 4453 8814 4120771 1
4334071 -1 5118 9448 4334071 1
4269963 -1 5038 9730 4269963 0.8846153846153846
4079917 -1 3679 7414 4079917 0.9615384615384616
4151932 -1 3865 7540 4151932 0.9230769230769231
4202607 -1 3257 6269 4202607 1
4279057 -1 4452 9097 4279057 0.9230769230769231
4169286 -1 3253 9083 4169286 0.9615384615384616
4111675 -1 4081 7594 4111675 1
4331761 -1 4906 9328 4331761 0.9615384615384616
4144387 -1 3350 6182 4144387 1
4222910 -1 4026 7425 4222910 0.9615384615384616
4163406 -1 4524 8258 4163406 1
4134921 -1 4340 8034 4134921 0.9230769230769231
4193218 -1 4191 8405 4193218 0.9615384615384616
4071892 -1 2988 5539 4071892 1
4247443 -1 3560 6649 4247443 0.9615384615384616
4238634 -1 3570 6577 4238634 1
4202865 -1 4434 8156 4202865 0.9615384615384616
4286040 -1 4048 7402 4286040 0.8846153846153846
4160423 -1 4471 8198 4160423 0.9230769230769231
4285093 -1 4002 7415 4285093 1
4097176 -1 3784 6958 4097176 1
4219246 -1 4952 9071 4219246 0.9615384615384616
4247014 -1 3814 7084 4247014 0.9615384615384616
4274044 -1 4817 8883 4274044 1
4059831 -1 4289 8070 4059831 0.9230769230769231
4265542 -1 4990 9441 4265542 0.9615384615384616
4116374 -1 4073 7517 4116374 0.9615384615384616
4245655 -1 3696 6736 4245655 1
4255283 -1 5002 10101 4255283 0.9615384615384616
4239606 -1 5996 10974 4239606 0.9615384615384616
4179793 -1 4219 8202 4179793 0.9615384615384616
4140322 -1 3597 7271 4140322 1
4121443 -1 4075 8330 4121443 0.9615384615384616
4239992 -1 3526 6443 4239992 0.9615384615384616
4321089 -1 4080 7662 4321089 0.8846153846153846
4250304 -1 3776 6991 4250304 1
4232110 -1 4238 7718 4232110 0.9615384615384616
4286701 -1 5140 9843 4286701 0.9615384615384616
4253661 -1 4327 8091 4253661 0.9615384615384616
4144307 -1 3446 6376 4144307 0.9615384615384616
4274242 -1 4976 9123 4274242 0.9230769230769231
4215818 -1 4497 9095 4215818 0.9615384615384616
4380515 -1 5131 9569 4380515 1
4179974 -1 5145 9847 4179974 1
4293284 -1 3932 7454 4293284 1
4208262 -1 3656 8464 4208262 0.9615384615384616
4212432 -1 3965 7527 4212432 1
4094415 -1 4017 7639 4094415 0.9230769230769231
4201499 -1 3725 6888 4201499 1
4263830 -1 4222 8392 4263830 0.9615384615384616
4248603 -1 3998 7570 4248603 1
4166274 -1 4266 8273 4166274 0.8846153846153846
4194782 -1 3855 7510 4194782 0.9230769230769231
4185552 -1 4403 9271 4185552 1
4324681 -1 2788 6724 4324681 1
4154295 -1 4079 7598 4154295 1
4240466 -1 3388 6235 4240466 1
4170956 -1 4061 7638 4170956 0.9615384615384616
4211134 -1 3365 6171 4211134 1
4110285 -1 3422 6351 4110285 1
4164132 -1 3701 6826 4164132 1
4172935 -1 3806 7098 4172935 0.9615384615384616
4294701 -1 4863 8889 4294701 0.9230769230769231
4202140 -1 3140 5741 4202140 0.9615384615384616
4234658 -1 3376 6381 4234658 0.9230769230769231
4313509 -1 3464 6335 4313509 1
4229744 -1 4029 7460 4229744 1
4204671 -1 4541 8336 4204671 0.9615384615384616
4181809 -1 2302 5693 4181809 0.9230769230769231
4212227 -1 3978 7314 4212227 1
4284302 -1 4640 8441 4284302 0.9615384615384616
4157812 -1 4254 7791 4157812 0.9615384615384616
4089018 -1 4275 7914 4089018 1
4240207 -1 3821 7061 4240207 0.9230769230769231
4266316 -1 4337 8050 4266316 1
4283061 -1 4618 9738 4283061 0.9230769230769231
4267298 -1 3459 6595 4267298 0.9230769230769231
4120614 -1 2637 4842 4120614 0.8461538461538461
4248097 -1 3376 6335 4248097 0.9230769230769231
4198167 -1 4998 9501 4198167 1
4149998 -1 5615 10463 4149998 1
4212697 -1 4497 8644 4212697 1
4306455 -1 4185 7826 4306455 1
4097062 -1 3646 8346 4097062 0.9230769230769231
4068557 -1 3452 6866 4068557 0.9615384615384616
4213249 -1 4490 8665 4213249 0.9615384615384616
4049772 -1 3299 6123 4049772 0.9615384615384616
4301548 -1 4074 7538 4301548 0.9230769230769231
4212131 -1 4120 7520 4212131 0.9615384615384616
4012958 -1 4884 8877 4012958 1
4390546 -1 3886 7081 4390546 0.9615384615384616
4171978 -1 3935 7233 4171978 0.8846153846153846
4223365 -1 3817 6970 4223365 0.8846153846153846
4108746 -1 4006 7372 4108746 1
4120148 -1 1869 3956 4120148 0.9230769230769231
4251803 -1 4125 8027 4251803 0.9615384615384616
4155192 -1 2943 8568 4155192 0.9615384615384616
4115002 -1 4380 8796 4115002 0.8461538461538461
4388839 -1 3345 8547 4388839 0.9615384615384616
4167581 -1 3872 9539 4167581 0.9615384615384616
4244159 -1 4197 8510 4244159 0.8846153846153846
4113170 -1 2744 7448 4113170 0.9615384615384616
4220860 -1 2365 7976 4220860 1
4195677 -1 3537 7940 4195677 0.9230769230769231
4239588 -1 2700 6317 4239588 0.9615384615384616
4144363 -1 3652 6843 4144363 1
4219335 -1 3141 6526 4219335 1
4232725 -1 4241 7756 4232725 0.9615384615384616
4129289 -1 2905 5346 4129289 1
4256980 -1 3069 7142 4256980 0.9615384615384616
4286260 -1 4015 7358 4286260 0.9615384615384616
4194697 -1 4493 8580 4194697 1
4259647 -1 3766 7002 4259647 0.8846153846153846
4218237 -1 4531 8752 4218237 0.9230769230769231
4279375 -1 3397 6236 4279375 0.9615384615384616
4308093 -1 3803 7224 4308093 1
4028336 -1 3746 6835 4028336 1
4328356 -1 3960 7839 4328356 0.9615384615384616
4240139 -1 3930 7221 4240139 1
4069075 -1 3546 6862 4069075 1
4216256 -1 4885 8947 4216256 0.9615384615384616
4233357 -1 3596 6600 4233357 0.8461538461538461
4275062 -1 4990 9084 4275062 0.8846153846153846
4188916 -1 4089 7493 4188916 1
4253108 -1 3458 6419 4253108 0.8076923076923077
4167017 -1 4816 8921 4167017 0.9615384615384616
4155201 -1 4370 8017 4155201 1
4239267 -1 3104 5846 4239267 0.9615384615384616
4179277 -1 3718 7472 4179277 0.9230769230769231
4204997 -1 2812 5205 4204997 0.9615384615384616
4190245 -1 4285 7898 4190245 1
4279151 -1 3734 6835 4279151 0.8846153846153846
4294093 -1 3780 6954 4294093 1
4275655 -1 5269 9814 4275655 1
4094640 -1 3545 6463 4094640 1
4195979 -1 3762 8224 4195979 0.9615384615384616
4228097 -1 4190 8182 4228097 0.9230769230769231
4082780 -1 4130 8966 4082780 1
4168328 -1 4569 10540 4168328 0.9615384615384616
4250286 -1 4279 10125 4250286 1
4250446 -1 3854 7432 4250446 1
4270668 -1 3343 6157 4270668 0.9615384615384616
4302877 -1 3343 6580 4302877 0.9230769230769231
4168365 -1 4211 8292 4168365 0.9615384615384616
4160608 -1 3263 5986 4160608 0.9230769230769231
4154820 -1 4552 8301 4154820 0.9230769230769231
4271536 -1 2780 7908 4271536 1
4124600 -1 3811 9261 4124600 1
4079647 -1 3831 7537 4079647 0.9615384615384616
4146738 -1 4203 7714 4146738 0.9615384615384616
4393995 -1 4104 8331 4393995 0.9230769230769231
4059294 -1 3168 5878 4059294 0.9615384615384616
4211762 -1 4604 8474 4211762 0.8461538461538461
4122973 -1 4081 7578 4122973 0.9615384615384616
4113593 -1 3944 7255 4113593 1
4136748 -1 4010 7540 4136748 1
4218295 -1 3286 6354 4218295 1
4270835 -1 3772 7092 4270835 0.9615384615384616
4256755 -1 3611 6610 4256755 0.9615384615384616
4280440 -1 4034 7508 4280440 0.9230769230769231
4139889 -1 4137 7653 4139889 0.9230769230769231
4229462 -1 3195 7817 4229462 0.9230769230769231
4267533 -1 3367 6462 4267533 0.9230769230769231
4177582 -1 4821 9071 4177582 0.9230769230769231
4321781 -1 4383 9017 4321781 0.9615384615384616
4326397 -1 2889 7978 4326397 1
4210482 -1 3997 7458 4210482 0.9615384615384616
4222848 -1 3621 6874 4222848 0.8846153846153846
4160679 -1 5295 9679 4160679 0.9615384615384616
4292441 -1 4746 8853 4292441 1
4224785 -1 4290 8306 4224785 0.9230769230769231
4207183 -1 3231 7090 4207183 0.9615384615384616
4311643 -1 3147 7845 4311643 0.9615384615384616
4231773 -1 4653 9031 4231773 1
4360908 -1 3683 9466 4360908 0.9230769230769231
4227958 -1 3694 6735 4227958 0.9230769230769231
4083038 -1 4014 7345 4083038 0.9230769230769231
4104708 -1 2339 6742 4104708 1
4289430 -1 5470 9992 4289430 1
4164007 -1 3821 7067 4164007 1
4320538 -1 4530 8296 4320538 0.9615384615384616
4240290 -1 4624 8536 4240290 0.9615384615384616
4092520 -1 4163 7617 4092520 0.9615384615384616
4188743 -1 4421 8167 4188743 0.9615384615384616
4209812 -1 3595 6647 4209812 0.9615384615384616
4227391 -1 3865 7654 4227391 0.9615384615384616
4245264 -1 4463 8427 4245264 0.8846153846153846
4187774 -1 4184 8188 4187774 0.9230769230769231
4200595 -1 4073 8754 4200595 0.9615384615384616
4191536 -1 2631 6866 4191536 0.9230769230769231
4230746 -1 3451 6616 4230746 0.9615384615384616
4078487 -1 3985 7284 4078487 0.9615384615384616
4281893 -1 3282 6721 4281893 1
4219555 -1 4653 8573 4219555 1
4199663 -1 4602 8528 4199663 0.9230769230769231
4280526 -1 4697 8611 4280526 1
4229751 -1 4019 7372 4229751 0.9230769230769231
4306874 -1 4785 8754 4306874 0.8846153846153846
4149200 -1 3565 6685 4149200 1
4148610 -1 4081 7501 4148610 0.9615384615384616
4107908 -1 3487 7181 4107908 0.9230769230769231
4207544 -1 3823 7183 4207544 0.9615384615384616
4223540 -1 4611 8591 4223540 1
4322160 -1 4402 8394 4322160 0.9615384615384616
4187850 -1 3322 6189 4187850 1
4246254 -1 3814 7050 4246254 0.9615384615384616
4185871 -1 3292 6403 4185871 1
4193157 -1 3330 8500 4193157 1
4319588 -1 3264 8349 4319588 1
4267347 -1 4239 9103 4267347 0.9230769230769231
4179637 -1 3961 8370 4179637 0.8846153846153846
4185223 -1 3966 7472 4185223 0.9615384615384616
4081661 -1 3694 6876 4081661 0.9615384615384616
4270513 -1 4337 7922 4270513 0.9615384615384616
4232040 -1 3643 6735 4232040 1
3998962 -1 2707 5656 3998962 0.9615384615384616
4233160 -1 5794 10842 4233160 0.8846153846153846
4350411 -1 5437 11170 4350411 0.9230769230769231
4067996 -1 3198 5838 4067996 1
4383149 -1 5178 9762 4383149 0.9615384615384616
4273538 -1 3208 5950 4273538 0.8461538461538461
4209653 -1 3265 9105 4209653 0.9615384615384616
4179823 -1 3674 6749 4179823 0.8846153846153846
4325613 -1 3471 6482 4325613 0.9615384615384616
4414193 -1 4092 7618 4414193 0.9615384615384616
4116024 -1 3539 6671 4116024 1
4263157 -1 4645 8562 4263157 0.9615384615384616
4182279 -1 4488 8270 4182279 0.9615384615384616
4231995 -1 3432 6348 4231995 1
4136514 -1 4332 7958 4136514 0.9615384615384616
4071604 -1 3035 5742 4071604 1
4150356 -1 3899 7430 4150356 0.9615384615384616
4242354 -1 3975 7286 4242354 0.9230769230769231
4124852 -1 4317 7880 4124852 1
4197443 -1 4088 7523 4197443 0.9615384615384616
4183794 -1 3253 6526 4183794 0.9615384615384616
4125635 -1 3294 6038 4125635 0.9615384615384616
4194629 -1 3770 6946 4194629 0.9230769230769231
4280938 -1 3857 7331 4280938 0.9615384615384616
4318103 -1 4451 8604 4318103 0.9615384615384616
4283468 -1 4595 10396 4283468 0.8846153846153846
4335558 -1 3862 7063 4335558 0.9615384615384616
4157522 -1 5198 10017 4157522 1
4132052 -1 3224 7078 4132052 1
4243847 -1 3812 7821 4243847 1
4153399 -1 3273 9006 4153399 1
4245222 -1 4071 9528 4245222 1
4211063 -1 4346 8793 4211063 0.9615384615384616
4208483 -1 4780 9268 4208483 0.9230769230769231
4269358 -1 4106 7686 4269358 0.9230769230769231
4297178 -1 3300 6059 4297178 1
4237452 -1 3982 7289 4237452 1
4186916 -1 4861 9027 4186916 0.9615384615384616
4274010 -1 4648 8605 4274010 0.9230769230769231
4328723 -1 4063 7483 4328723 0.8846153846153846
4185002 -1 4665 8855 4185002 0.9230769230769231
4181588 -1 4669 8547 4181588 0.9230769230769231
4043503 -1 4173 8097 4043503 0.9615384615384616
4117399 -1 3607 6584 4117399 0.9615384615384616
4338605 -1 4149 7574 4338605 0.9615384615384616
4236103 -1 4098 7568 4236103 1
4165651 -1 6546 12409 4165651 1
4166159 -1 4274 7997 4166159 0.9230769230769231
4144638 -1 3974 7348 4144638 0.9615384615384616
4179849 -1 3864 7313 4179849 0.8461538461538461
4199865 -1 3865 7316 4199865 1
4129419 -1 3453 6430 4129419 1
4161811 -1 3822 6955 4161811 1
4339760 -1 4681 9068 4339760 0.9615384615384616
4297734 -1 4316 7957 4297734 1
4313343 -1 4550 8316 4313343 0.9615384615384616
4368119 -1 4661 8823 4368119 1
4282739 -1 3840 7197 4282739 1
4145192 -1 3550 6606 4145192 0.9615384615384616
4190930 -1 4884 8995 4190930 1
4241623 -1 3713 6950 4241623 0.9615384615384616
4271615 -1 4011 7358 4271615 0.8846153846153846
4304871 -1 3429 7344 4304871 1
4194229 -1 4110 8893 4194229 0.9615384615384616
4354823 -1 3165 10281 4354823 1
4011827 -1 4031 9617 4011827 1
4284373 -1 5342 11866 4284373 1
4133944 -1 4153 8393 4133944 1
