28772 98
54000 84
46420 162
48168 163
53522 154
58664 138
46246 179
37934 206
32578 106
38422 176
36208 166
48082 244
46040 202
55016 122
53128 134
46928 145
56064 122
51696 112
39636 88
37754 130
35580 103
40946 121
34982 113
50978 122
41304 126
54266 133
48044 119
40486 114
32866 118
49256 91
54582 118
63356 129
51630 167
39504 200
60062 154
52790 104
45794 81
59984 140
48874 114
47408 105
47840 112
33012 127
51604 111
42600 97
46178 104
32904 70
33266 78
51328 101
46214 112
46770 100
46012 93
49328 113
46466 98
40866 154
42134 107
48330 98
52922 86
38646 98
49874 73
30610 105
46528 111
41790 126
38708 86
30972 138
40224 80
33254 112
32458 64
45842 133
38314 123
39822 130
47710 137
46738 123
44590 135
61704 126
56998 108
26440 126
45674 95
43002 85
66660 196
51914 91
31404 77
40494 102
44396 104
50240 104
44220 78
46282 114
41236 78
47160 142
38838 120
50008 78
34004 118
45004 108
33694 105
41944 154
27286 125
37098 150
39768 117
28940 117
45932 101
42786 114
45588 136
51708 138
52030 83
29046 108
44618 116
51788 745
52464 105
47936 68
51950 119
58220 203
47116 100
43362 132
50272 100
43600 61
38378 95
43510 132
39410 98
44440 111
48846 156
50084 124
37838 124
33918 76
53834 105
47892 90
36058 116
29836 101
53626 77
43462 81
41176 130
44944 111
44162 140
42844 95
55562 86
60054 102
64682 99
62046 110
55062 107
44272 98
61886 146
43028 123
36738 90
39802 146
45000 126
41740 110
34336 133
37572 106
46002 71
52770 90
53136 106
39782 100
52080 149
35166 73
63560 141
45102 95
56074 126
40780 97
45640 106
38214 66
50462 112
44972 98
41668 83
53154 93
44180 84
56330 91
33116 76
27526 120
61780 111
49530 141
53950 133
35052 73
50608 105
42978 100
57134 136
29230 111
27562 81
56138 111
39048 200
42280 193
62202 172
19720 93
29166 80
46846 89
44602 108
56674 121
37040 94
34602 99
35994 113
43852 82
36370 108
56742 136
36142 142
53620 121
44524 87
50780 106
36250 134
43402 79
47888 124
42378 101
41480 61
41702 86
55832 92
60450 102
55044 132
46374 100
57440 109
56810 122
31820 94
40088 109
43074 134
33516 103
55840 116
42856 122
43194 185
51134 177
48358 104
37028 121
38600 147
43638 123
40524 89
35080 130
55660 90
39832 120
54184 104
43596 69
64150 100
37184 74
45132 93
38216 110
53238 110
43810 112
44732 130
54848 130
50878 141
52958 115
56508 149
36870 90
28312 90
51476 123
33666 106
26112 93
41186 72
47842 95
26592 88
38284 104
61380 123
34678 110
53652 143
62240 106
28370 127
40694 187
46730 209
38056 100
40268 129
42896 79
42532 68
43712 105
64520 189
59188 97
38922 98
37012 111
40922 145
52340 102
49100 68
37210 97
32788 130
50088 114
51070 148
40460 79
58922 117
42610 119
28492 77
39438 95
56184 93
64872 112
52874 92
49448 112
46890 167
38626 115
50108 74
43184 101
53050 143
34426 101
44566 121
44554 109
18980 67
44502 107
43238 259
38976 139
39062 212
40004 119
40784 88
48222 107
35248 127
53514 104
33486 101
53102 125
39610 77
52424 121
45166 117
31672 99
43586 105
31012 132
42706 108
37554 84
59356 91
42592 107
57324 80
53350 125
41194 117
36914 98
41736 137
49026 109
33850 81
41332 138
33844 106
38258 105
34232 125
47748 97
39460 99
36320 452
57038 654
35186 212
51028 146
54248 184
37822 108
60026 102
47274 97
46840 121
48380 96
51734 100
40862 128
47266 119
42672 112
49096 100
55640 143
55430 118
34672 109
46574 123
43924 135
38846 71
68460 162
34900 108
40192 106
46850 143
41166 119
47892 108
43570 79
47260 116
51590 119
48866 139
36312 125
57672 74
42512 135
37306 102
35742 145
37468 87
40568 115
38700 97
51654 101
37684 102
53374 157
44584 100
35022 77
53164 115
31092 95
45126 75
43374 141
35720 129
34954 99
64892 132
52774 147
32748 77
58500 114
31262 89
42930 104
43804 89
57338 103
51472 117
48174 111
39726 130
48190 110
22924 56
45018 109
55560 102
42640 82
57176 139
49024 107
48536 656
46532 107
32906 81
49106 95
46874 94
54524 121
61436 140
39700 103
49384 102
44938 123
54678 92
30958 90
41532 95
52462 78
55824 110
39564 105
55482 91
43312 144
60906 197
72422 178
33024 91
42926 111
34740 92
45738 107
64056 111
42540 101
41240 104
43870 109
29368 84
33162 91
44850 104
50366 75
50790 126
41622 134
43106 144
32262 124
46670 117
51158 107
51238 108
40082 122
51644 120
29358 78
47200 138
47174 88
43868 83
51858 130
37176 80
30266 78
40864 100
30894 96
53146 100
65012 108
23196 79
50866 103
49182 143
53768 120
46992 117
57156 92
39630 110
55746 91
43026 125
46454 154
43408 120
56258 154
56874 111
55038 134
61410 116
40552 101
53584 105
46516 297
31124 316
59120 107
41914 94
29956 126
51666 114
47974 54
51710 135
55014 129
45626 104
52922 131
41838 96
45816 146
34368 82
39832 84
44210 110
38140 159
36768 86
40182 112
60568 50
42496 117
44552 82
25962 99
57404 131
52188 137
46922 121
56078 100
45668 126
38508 107
48944 121
53790 103
60426 113
41238 78
44768 126
50168 136
49624 100
33074 78
46920 179
47346 200
48500 148
48270 132
61394 162
53198 100
51358 100
60188 137
38644 70
54608 119
48400 107
60140 109
38534 77
37464 106
42196 80
28984 96
53722 130
41620 85
44080 149
56412 150
47726 108
45700 116
36866 101
31462 72
46532 120
42166 89
38102 103
47700 107
46700 95
55430 99
45032 119
56138 116
47466 87
57380 93
38968 654
40954 126
46094 61
38538 133
56372 101
52370 133
48462 103
49234 99
57794 155
47526 119
54450 109
42948 97
43534 103
51274 113
41868 125
60664 81
36276 102
37210 133
61730 84
58642 120
55890 119
33558 80
39902 86
44374 79
41266 115
51472 101
52608 78
35678 106
53440 99
41916 116
47820 155
48512 124
45718 109
40240 118
48972 117
62454 135
33268 104
40172 92
53692 148
49994 88
39558 101
40506 143
41546 81
42164 84
44578 113
42164 117
53022 111
62142 118
44448 120
56454 136
42004 104
43898 113
34038 104
53566 97
38950 100
19692 74
43066 111
41960 134
42488 75
35894 66
40974 101
41056 127
44288 124
56280 124
46576 94
54442 103
43298 66
40160 86
36934 116
59396 114
37500 121
50208 144
51244 105
39474 147
35882 220
49422 185
41270 104
60836 115
29606 74
37538 78
38740 97
38608 98
57718 146
40504 89
28500 101
35448 106
50554 159
49204 105
36498 89
37176 68
60844 152
54756 134
36808 95
56250 123
44008 84
41134 75
49328 88
49242 138
51636 135
55284 126
26614 92
55776 128
55258 147
38330 159
54268 124
50358 143
43246 237
34458 117
51604 133
51046 112
48362 157
36282 115
49880 119
44642 93
40540 102
41476 126
43046 95
34918 114
53374 84
61052 111
60412 112
55230 154
48672 119
42504 115
35420 126
25278 98
50276 130
66560 109
49028 131
42798 89
16666 61
54722 133
46982 131
39246 127
40648 141
51624 118
42772 111
53584 112
53512 119
54448 137
33254 82
30148 133
48032 251
38712 94
38426 109
58124 102
53834 96
40976 147
34772 104
37008 100
41048 108
37390 98
34770 84
51812 97
44704 89
70526 109
52230 108
53846 161
55410 127
50722 138
40490 117
42668 105
52728 76
37842 99
49702 152
38954 123
51614 115
35242 115
53892 119
50538 121
50898 107
48264 123
43508 142
46956 105
50732 91
48384 103
44000 129
41498 122
48854 163
46134 86
39808 128
39004 130
51876 116
45408 95
47348 106
37102 83
29120 68
44548 142
52554 115
40734 109
49574 70
40856 102
26836 55
32914 109
36114 115
39954 119
22168 107
43630 118
53910 126
30078 97
32334 63
44264 74
46382 149
55900 139
45190 177
51210 163
33208 110
31514 78
36054 116
54750 84
48802 138
42664 96
56572 142
42134 235
38964 102
48570 106
52310 86
35460 120
52994 101
41146 114
39564 84
32742 86
48240 155
42336 99
46194 104
44296 88
47466 121
46952 114
40840 133
36206 101
56434 85
41074 116
42266 121
27858 67
43986 81
50344 75
47668 125
45122 98
46866 73
40102 95
64764 109
45832 97
56772 117
42686 118
47704 122
25150 71
47006 85
38540 105
56286 98
47548 114
60976 85
39904 102
44856 118
55494 82
48090 105
49296 145
50248 143
48110 117
39594 115
35988 124
58058 171
39748 98
46958 98
45572 100
48828 80
51644 116
46832 98
25440 63
33922 131
32768 81
55298 98
53280 146
49532 135
38720 106
37896 106
43780 132
39200 128
42862 77
50898 105
45412 117
54978 75
26904 108
43634 125
52866 80
44888 133
40816 101
33116 91
55340 104
29178 76
49416 128
43958 106
50102 110
56458 130
43332 122
55252 110
34872 82
32820 108
38440 127
42284 131
40944 86
40304 126
51846 103
45506 99
33630 113
32144 97
46972 92
46110 139
47888 73
40032 158
47816 149
58230 117
43696 68
39968 123
64486 114
39378 96
40228 111
41728 83
51920 97
41186 100
40866 90
54530 132
65728 112
51778 85
43288 139
49144 133
42288 242
46764 182
55382 154
56674 115
48748 98
60318 136
67102 124
24920 86
39726 120
47338 81
47242 97
33022 107
60780 147
39242 110
41126 91
44262 98
33058 142
42394 145
63258 87
41252 93
30388 133
35848 82
37790 143
45852 129
49904 113
32038 68
40480 136
35432 88
32474 137
44182 106
53396 105
23348 90
41360 113
45188 82
51888 149
49738 1287
49150 231
31974 86
53996 149
38430 95
48564 111
44654 88
44692 116
41630 174
32612 87
52546 127
48434 137
55358 123
33070 92
41134 115
43704 84
33602 103
49738 168
44988 88
39470 77
58752 105
39138 108
23296 101
33214 138
60492 119
45724 84
36646 94
39354 122
49296 139
42308 109
28330 73
26494 60
65114 116
60236 136
35796 161
48858 281
47592 153
41994 152
33224 94
52016 136
37680 136
36604 139
55706 106
44240 117
52918 127
30402 125
46058 78
37362 88
42796 80
41640 123
34630 112
35334 123
29436 125
45578 114
45148 92
49176 104
53762 146
44616 101
50744 121
51324 146
33848 72
49434 107
37132 150
37242 129
39198 100
42732 81
36408 113
50696 162
50322 258
56208 130
36458 80
46636 123
54684 133
55318 123
39776 152
43434 86
38560 70
40896 112
40732 87
55564 109
55236 112
30560 63
34516 108
46908 107
51410 121
50284 94
61400 115
42544 76
44966 144
45528 113
46856 90
43640 102
48322 111
53314 106
26442 77
40334 105
46426 143
43422 84
37926 103
48172 93
48502 152
53458 130
47110 144
51586 126
52244 107
44306 83
44784 90
49748 136
34514 167
58980 128
67042 110
42442 104
52092 148
