138320 -1 6101 15050 138320 0.9333333333333333
134860 -1 7406 17738 134860 0.9666666666666667
125250 -1 4036 10223 125250 0.9333333333333333
136470 -1 6811 16535 136470 1
137720 -1 5626 13851 137720 0.9666666666666667
136320 -1 5978 15490 136320 1
137630 -1 8913 21102 137630 0.9666666666666667
135400 -1 5489 13098 135400 1
140290 -1 7152 17627 140290 0.9333333333333333
129090 -1 5330 12752 129090 0.9666666666666667
138530 -1 6606 15390 138530 1
139530 -1 5018 12305 139530 0.9666666666666667
139370 -1 6014 14226 139370 1
139090 -1 6091 14341 139090 0.9666666666666667
126470 -1 6440 15531 126470 0.9333333333333333
138760 -1 5821 14953 138760 0.9333333333333333
129000 -1 4375 11705 129000 0.9666666666666667
133110 -1 6753 17388 133110 1
130450 -1 3829 10257 130450 0.9333333333333333
136820 -1 8163 21108 136820 1
135410 -1 5324 12986 135410 1
134500 -1 5030 13165 134500 0.9666666666666667
136550 -1 6819 21500 136550 1
128120 -1 6281 16036 128120 0.9666666666666667
136130 -1 6662 17618 136130 1
139670 -1 7073 19733 139670 1
138060 -1 7050 17353 138060 0.9666666666666667
128080 -1 5349 12961 128080 0.8666666666666667
132120 -1 4546 11686 132120 0.9333333333333333
134250 -1 6134 15933 134250 1
131750 -1 6176 16328 131750 1
129910 -1 6244 14936 129910 1
128970 -1 5561 13796 128970 0.9666666666666667
138150 -1 7819 18469 138150 0.9666666666666667
138630 -1 7161 16992 138630 1
133110 -1 6675 15866 133110 0.9666666666666667
138440 -1 5384 13483 138440 1
135190 -1 6014 14638 135190 1
135430 -1 5581 13678 135430 0.9666666666666667
141790 -1 7093 17074 141790 0.9333333333333333
137630 -1 6438 15189 137630 0.9333333333333333
135700 -1 4497 13477 135700 0.9666666666666667
134340 -1 4451 16378 134340 0.9333333333333333
136410 -1 8129 20717 136410 0.9666666666666667
137120 -1 7138 18654 137120 1
138060 -1 5553 14489 138060 1
124010 -1 6139 14786 124010 0.9
128510 -1 6126 15137 128510 0.9666666666666667
141370 -1 5834 14032 141370 1
141740 -1 6147 14628 141740 1
132800 -1 4401 10767 132800 1
130980 -1 4739 11741 130980 1
126560 -1 5006 12479 126560 0.9333333333333333
136930 -1 6187 14735 136930 0.9666666666666667
137100 -1 5684 13569 137100 1
128590 -1 6343 14954 128590 1
136050 -1 6644 16100 136050 0.9666666666666667
134830 -1 4962 12225 134830 1
140490 -1 5510 13333 140490 0.9666666666666667
136620 -1 4594 12534 136620 1
134150 -1 4828 14528 134150 0.9333333333333333
133430 -1 5917 14042 133430 0.9333333333333333
134560 -1 4870 11740 134560 0.9666666666666667
139190 -1 7109 17875 139190 1
136880 -1 6403 15897 136880 1
133760 -1 5185 12972 133760 1
130410 -1 4572 10967 130410 0.9666666666666667
131470 -1 4765 11881 131470 0.9666666666666667
126520 -1 4558 12794 126520 1
131320 -1 5967 14375 131320 0.9333333333333333
138670 -1 5249 13005 138670 0.9666666666666667
137870 -1 4407 13394 137870 1
134550 -1 5811 15241 134550 0.9666666666666667
139960 -1 5696 14449 139960 0.9333333333333333
138730 -1 6153 15050 138730 0.9666666666666667
136400 -1 5256 12290 136400 1
139200 -1 6097 14603 139200 1
144530 -1 6678 16411 144530 1
141320 -1 7166 19178 141320 0.9333333333333333
140090 -1 7074 17070 140090 1
125450 -1 4056 13651 125450 1
141740 -1 3342 10975 141740 0.9333333333333333
140660 -1 6821 16318 140660 0.9666666666666667
133420 -1 5637 13568 133420 1
136930 -1 5908 14084 136930 0.9666666666666667
137170 -1 6903 16299 137170 1
142480 -1 6829 16228 142480 1
129940 -1 6055 16264 129940 1
133590 -1 5022 12194 133590 0.9
142100 -1 5703 13728 142100 1
127030 -1 5992 14427 127030 0.9333333333333333
140510 -1 6458 15487 140510 0.9666666666666667
143910 -1 5880 14058 143910 1
142700 -1 5869 14528 142700 1
138650 -1 6263 15861 138650 0.9666666666666667
136950 -1 5052 15118 136950 0.9666666666666667
129860 -1 5649 13293 129860 0.9333333333333333
132820 -1 5260 13258 132820 0.9666666666666667
137660 -1 5795 14708 137660 0.9666666666666667
142500 -1 6573 16727 142500 0.9666666666666667
133850 -1 4384 10647 133850 0.9666666666666667
143820 -1 5550 14557 143820 0.9666666666666667
138120 -1 5757 13887 138120 0.9666666666666667
136830 -1 9131 22331 136830 1
132740 -1 5427 12896 132740 0.9666666666666667
124450 -1 6195 14933 124450 1
129960 -1 5704 15662 129960 0.9
130450 -1 5223 12433 130450 1
130380 -1 4901 12227 130380 0.9333333333333333
131250 -1 5652 13355 131250 0.9666666666666667
132660 -1 5721 13889 132660 1
143680 -1 5786 14082 143680 0.9666666666666667
138830 -1 5224 13962 138830 1
130760 -1 6571 15658 130760 1
138000 -1 4643 11004 138000 0.9666666666666667
143850 -1 6204 15820 143850 0.9666666666666667
133100 -1 5922 14105 133100 1
138790 -1 6082 15135 138790 0.9333333333333333
134210 -1 4976 11953 134210 0.9666666666666667
124080 -1 4420 11042 124080 1
134860 -1 4964 15713 134860 1
134770 -1 7321 17640 134770 1
130500 -1 6819 16107 130500 0.9666666666666667
139670 -1 5632 13270 139670 0.9666666666666667
132440 -1 5435 13948 132440 1
128080 -1 4255 10002 128080 1
133130 -1 6833 16311 133130 1
140990 -1 4934 12576 140990 1
129800 -1 5497 13993 129800 0.9
138730 -1 6704 15839 138730 0.9666666666666667
133320 -1 6601 15693 133320 0.9666666666666667
130100 -1 5456 12928 130100 0.9666666666666667
130580 -1 5421 13185 130580 0.9333333333333333
125900 -1 4062 9548 125900 1
135260 -1 5830 13670 135260 0.9666666666666667
128800 -1 5666 13704 128800 0.9333333333333333
137190 -1 4544 11799 137190 1
137160 -1 6564 19663 137160 0.9333333333333333
137830 -1 4638 10871 137830 0.9
138360 -1 5071 12074 138360 1
130010 -1 5489 13568 130010 1
136820 -1 4273 12618 136820 1
133070 -1 5615 13742 133070 0.9666666666666667
136090 -1 5966 14560 136090 0.9666666666666667
133810 -1 5305 12663 133810 0.9666666666666667
126460 -1 3704 8929 126460 0.9333333333333333
128130 -1 5007 12057 128130 1
134000 -1 5417 12865 134000 1
142160 -1 7610 18545 142160 1
137950 -1 6832 16638 137950 0.9666666666666667
136240 -1 5999 14678 136240 1
132780 -1 6361 15060 132780 0.9
129960 -1 5955 14749 129960 1
138460 -1 6659 15721 138460 1
133620 -1 5094 12541 133620 0.9666666666666667
129450 -1 5362 12848 129450 0.9
128420 -1 5457 13032 128420 1
139170 -1 6412 15199 139170 0.9666666666666667
132940 -1 4952 11610 132940 0.9666666666666667
139450 -1 7418 17299 139450 1
130770 -1 5540 13423 130770 0.9666666666666667
134550 -1 4629 11372 134550 0.9666666666666667
137800 -1 7273 17614 137800 1
133980 -1 4560 12360 133980 0.9666666666666667
132260 -1 6059 16525 132260 0.9333333333333333
126480 -1 5651 14005 126480 0.9333333333333333
133140 -1 5948 15296 133140 0.9333333333333333
142260 -1 5682 15260 142260 0.9666666666666667
140310 -1 6412 16023 140310 1
138430 -1 5758 15808 138430 1
141540 -1 5347 13028 141540 1
121400 -1 5278 12565 121400 0.9
137120 -1 5558 14029 137120 1
131740 -1 6235 14926 131740 0.9
141950 -1 6130 14584 141950 0.9666666666666667
130350 -1 6131 14557 130350 0.9333333333333333
132920 -1 5107 12793 132920 0.9666666666666667
137660 -1 6798 18244 137660 1
130120 -1 4770 11597 130120 0.9
135160 -1 6645 15599 135160 0.9666666666666667
137850 -1 7515 17752 137850 0.9666666666666667
135530 -1 6935 16441 135530 1
135730 -1 4243 14527 135730 1
128650 -1 4389 10991 128650 1
135810 -1 5522 12956 135810 0.9666666666666667
135060 -1 6507 15289 135060 0.8666666666666667
139590 -1 4988 12718 139590 0.9333333333333333
129270 -1 4919 11801 129270 0.9333333333333333
126660 -1 4593 11177 126660 1
141240 -1 4577 10797 141240 0.9666666666666667
139000 -1 8809 20863 139000 0.9666666666666667
136340 -1 6246 15137 136340 1
132430 -1 4959 16479 132430 0.9666666666666667
137230 -1 6121 14656 137230 1
139130 -1 6167 15115 139130 0.9666666666666667
142790 -1 6995 16608 142790 0.9666666666666667
128610 -1 4777 11934 128610 1
135580 -1 5621 13391 135580 0.9
133490 -1 7366 17415 133490 0.9666666666666667
133860 -1 6840 16037 133860 0.9666666666666667
131920 -1 5616 13221 131920 0.9666666666666667
134050 -1 6576 16030 134050 1
134120 -1 4521 11644 134120 1
129860 -1 5826 13737 129860 0.9333333333333333
130840 -1 5566 13121 130840 0.9
136420 -1 5374 13093 136420 0.9666666666666667
135180 -1 4950 12511 135180 1
136170 -1 5215 12571 136170 0.9666666666666667
135080 -1 5969 14907 135080 1
135310 -1 5650 13372 135310 1
131520 -1 7360 17429 131520 0.9333333333333333
134770 -1 6405 15241 134770 0.9666666666666667
123090 -1 6301 15231 123090 1
129200 -1 6633 16109 129200 0.9666666666666667
137840 -1 5042 12668 137840 1
136010 -1 6198 15126 136010 0.9666666666666667
131930 -1 5131 12492 131930 0.9333333333333333
140290 -1 7724 18281 140290 0.9666666666666667
136570 -1 6588 15491 136570 1
127600 -1 3445 12186 127600 0.9333333333333333
121930 -1 4209 9872 121930 1
133720 -1 5707 13775 133720 1
135840 -1 6304 15614 135840 0.9666666666666667
135670 -1 6315 15374 135670 0.9666666666666667
139640 -1 6649 15629 139640 0.9666666666666667
130730 -1 5510 13118 130730 0.9
134340 -1 5501 13938 134340 1
129520 -1 5422 13069 129520 0.9333333333333333
130230 -1 5520 12926 130230 0.9666666666666667
135240 -1 6040 14976 135240 1
138770 -1 7632 19086 138770 1
136290 -1 6467 15258 136290 0.9666666666666667
134570 -1 6217 15864 134570 0.9333333333333333
142290 -1 6115 14811 142290 0.9666666666666667
127500 -1 4782 13736 127500 0.9333333333333333
140670 -1 5932 13940 140670 1
121070 -1 5484 13348 121070 0.9333333333333333
139350 -1 5735 13968 139350 0.9666666666666667
128480 -1 4421 10455 128480 1
126960 -1 4173 10804 126960 0.9
127960 -1 7104 16768 127960 1
135240 -1 5006 14301 135240 1
138130 -1 6074 17580 138130 0.9666666666666667
139290 -1 5950 14130 139290 1
129070 -1 3983 11470 129070 1
125730 -1 5417 14377 125730 0.9666666666666667
131260 -1 6325 15340 131260 0.9333333333333333
136650 -1 6381 19222 136650 0.9666666666666667
136810 -1 3896 16525 136810 0.8666666666666667
133950 -1 4925 15964 133950 0.9333333333333333
136030 -1 6280 15760 136030 0.9333333333333333
134960 -1 6738 16710 134960 0.9666666666666667
145220 -1 7316 19555 145220 0.9666666666666667
133560 -1 6149 14567 133560 0.9666666666666667
129530 -1 4947 14508 129530 0.9666666666666667
138570 -1 5427 12886 138570 0.9333333333333333
131550 -1 7227 17268 131550 1
135260 -1 6780 17227 135260 0.9
129430 -1 5836 13834 129430 0.9666666666666667
133420 -1 5777 14759 133420 0.9666666666666667
134070 -1 4046 23157 134070 0.9666666666666667
130220 -1 4570 14246 130220 1
134750 -1 6092 20278 134750 1
137460 -1 4457 15249 137460 0.9666666666666667
133780 -1 4556 12449 133780 0.9333333333333333
141970 -1 5424 15160 141970 0.9666666666666667
139720 -1 5833 16647 139720 0.9666666666666667
131570 -1 4866 14393 131570 1
135860 -1 6488 17092 135860 1
138580 -1 5653 17344 138580 0.9666666666666667
134600 -1 5419 15264 134600 0.8333333333333334
138400 -1 5785 15439 138400 1
135220 -1 6629 16448 135220 1
129320 -1 4482 14798 129320 1
141640 -1 5940 17420 141640 1
128590 -1 3390 11415 128590 0.9666666666666667
139260 -1 4708 12632 139260 1
135950 -1 3675 13056 135950 0.9666666666666667
130990 -1 6420 18797 130990 0.9333333333333333
132660 -1 7496 18951 132660 0.8666666666666667
136300 -1 6266 17884 136300 0.9333333333333333
136160 -1 3848 12371 136160 1
136630 -1 4845 13570 136630 1
135650 -1 4388 15016 135650 0.9666666666666667
133090 -1 6811 20481 133090 1
142360 -1 6250 20535 142360 0.9333333333333333
135840 -1 5758 14514 135840 1
137870 -1 6806 19588 137870 0.9666666666666667
134010 -1 4871 12241 134010 0.9333333333333333
141480 -1 7383 17974 141480 0.9
135760 -1 7153 17209 135760 0.9
136030 -1 5034 12734 136030 0.9666666666666667
140760 -1 5345 18354 140760 0.8666666666666667
136760 -1 5435 18982 136760 0.9666666666666667
131820 -1 6858 18454 131820 1
141280 -1 4963 16489 141280 0.9666666666666667
133430 -1 4720 13712 133430 0.9666666666666667
132680 -1 7344 18808 132680 1
138600 -1 7085 19828 138600 0.9333333333333333
138110 -1 3614 11303 138110 0.9333333333333333
