110158 -1 45784 408357 110158 0.9833333333333333
110098 -1 38917 341416 110098 0.9666666666666667
110148 -1 48783 417140 110148 0.95
110070 -1 34362 307624 110070 0.9833333333333333
110183 -1 43341 392066 110183 0.9833333333333333
110076 -1 42459 351516 110076 0.9666666666666667
110075 -1 37444 327523 110075 0.9833333333333333
109900 -1 42102 367898 109900 1
110148 -1 47547 405348 110148 1
109761 -1 34848 336200 109761 0.9833333333333333
109868 -1 44870 400416 109868 1
110058 -1 41595 381981 110058 1
110207 -1 33298 313812 110207 1
110115 -1 43942 385021 110115 0.9833333333333333
110034 -1 35531 298018 110034 1
109993 -1 34235 288883 109993 0.95
109945 -1 34991 305054 109945 0.9666666666666667
110128 -1 44184 386370 110128 0.9666666666666667
110342 -1 37414 318949 110342 0.9833333333333333
110172 -1 33932 305723 110172 1
110129 -1 32550 275588 110129 0.9833333333333333
110210 -1 32164 290939 110210 0.9666666666666667
110045 -1 40439 371643 110045 0.9833333333333333
109974 -1 35161 297658 109974 0.9666666666666667
109935 -1 36637 309599 109935 1
110000 -1 43317 377542 110000 0.9666666666666667
109905 -1 44109 370245 109905 1
110154 -1 40870 351297 110154 1
109967 -1 35484 307775 109967 0.9666666666666667
109831 -1 40130 342622 109831 0.9833333333333333
110140 -1 35489 303044 110140 1
109938 -1 36682 336777 109938 0.9833333333333333
110103 -1 38540 336073 110103 0.9666666666666667
110364 -1 42423 357286 110364 0.9666666666666667
110095 -1 46309 407245 110095 1
110250 -1 38071 404809 110250 0.9666666666666667
110250 -1 38830 342604 110250 1
110000 -1 44369 473348 110000 1
110165 -1 37870 316876 110165 1
110243 -1 48534 410958 110243 0.9833333333333333
110324 -1 32650 279517 110324 0.9833333333333333
110087 -1 53616 498950 110087 0.9833333333333333
110113 -1 40325 332492 110113 1
110337 -1 44532 385183 110337 0.9833333333333333
110139 -1 31446 337195 110139 1
110127 -1 32660 373301 110127 0.9666666666666667
110216 -1 39323 392932 110216 0.9666666666666667
110138 -1 38097 323809 110138 0.9833333333333333
110069 -1 43462 387046 110069 0.9833333333333333
110390 -1 36045 318288 110390 1
109948 -1 32035 272949 109948 0.9666666666666667
110031 -1 35702 321096 110031 1
110099 -1 39603 370441 110099 0.95
110025 -1 37487 342590 110025 0.9833333333333333
110246 -1 46895 410413 110246 1
110231 -1 36946 344110 110231 0.9833333333333333
110043 -1 38340 337242 110043 1
110204 -1 34366 293950 110204 0.9666666666666667
109991 -1 37608 353329 109991 0.9833333333333333
110147 -1 38657 338188 110147 0.9833333333333333
110042 -1 43543 372358 110042 0.9833333333333333
109960 -1 33428 287098 109960 0.9666666666666667
110038 -1 37957 320806 110038 0.9833333333333333
109801 -1 36842 309916 109801 0.9666666666666667
109943 -1 42930 375847 109943 0.9666666666666667
110229 -1 36499 320136 110229 0.9666666666666667
110095 -1 37939 335924 110095 1
110172 -1 34498 299292 110172 1
109994 -1 40325 355392 109994 0.9833333333333333
110098 -1 35426 313917 110098 1
109834 -1 39521 349313 109834 0.9666666666666667
110010 -1 44975 374071 110010 0.9833333333333333
110149 -1 34636 311187 110149 1
110156 -1 35257 313481 110156 0.9833333333333333
110185 -1 35948 308027 110185 1
109928 -1 37905 345475 109928 0.9833333333333333
110032 -1 42713 384501 110032 0.9666666666666667
109985 -1 35381 306364 109985 1
110127 -1 29262 263151 110127 1
110101 -1 47479 399747 110101 1
109967 -1 36199 310289 109967 0.9833333333333333
110215 -1 38427 329302 110215 0.9666666666666667
109954 -1 38425 324732 109954 1
109926 -1 33444 289265 109926 1
110281 -1 33350 298679 110281 0.9333333333333333
110170 -1 38104 323994 110170 0.9833333333333333
110265 -1 45405 408411 110265 0.9833333333333333
110128 -1 27867 262169 110128 0.9666666666666667
110153 -1 39145 360481 110153 0.9666666666666667
110176 -1 29332 298930 110176 0.9666666666666667
109891 -1 47487 410291 109891 0.9833333333333333
110302 -1 41643 362266 110302 1
110164 -1 42634 365081 110164 1
109869 -1 40751 360309 109869 0.9833333333333333
110101 -1 43980 372337 110101 1
110195 -1 40094 354466 110195 1
110129 -1 36570 317522 110129 1
110014 -1 31598 280276 110014 0.9666666666666667
110167 -1 28761 246418 110167 0.9833333333333333
110450 -1 38195 322090 110450 0.9833333333333333
110101 -1 47747 405917 110101 1
110354 -1 36024 323951 110354 1
110140 -1 48102 424829 110140 0.9666666666666667
110174 -1 24525 265872 110174 0.9666666666666667
110100 -1 45962 402910 110100 0.9666666666666667
110254 -1 33210 292059 110254 0.9833333333333333
110216 -1 37717 325489 110216 0.9833333333333333
110075 -1 34549 313534 110075 0.9666666666666667
110151 -1 39304 359335 110151 1
110360 -1 40033 344392 110360 0.9833333333333333
110286 -1 37544 341054 110286 0.9833333333333333
110385 -1 45232 383103 110385 0.9833333333333333
110024 -1 38067 324441 110024 1
110048 -1 27470 248372 110048 0.9833333333333333
110279 -1 37884 322244 110279 0.9833333333333333
110101 -1 39339 330769 110101 0.9833333333333333
110145 -1 38466 339942 110145 0.95
110051 -1 33164 284257 110051 0.9833333333333333
110144 -1 34745 297462 110144 0.9833333333333333
110288 -1 25400 246791 110288 0.9833333333333333
110260 -1 37993 331238 110260 1
110389 -1 43976 374199 110389 1
110261 -1 44543 372991 110261 0.9833333333333333
110016 -1 34136 298977 110016 1
110283 -1 53169 452532 110283 1
110236 -1 49809 429946 110236 0.9833333333333333
110137 -1 39170 342662 110137 0.95
109878 -1 36855 326563 109878 0.9833333333333333
110040 -1 40593 342329 110040 0.9666666666666667
109952 -1 30522 267064 109952 1
110121 -1 47480 399580 110121 0.9666666666666667
110015 -1 38023 335416 110015 0.9833333333333333
110053 -1 38132 322670 110053 1
110223 -1 43472 369801 110223 0.9833333333333333
109946 -1 34409 305068 109946 1
110288 -1 38222 345558 110288 0.9833333333333333
110067 -1 30648 279430 110067 1
110193 -1 43819 392102 110193 0.9833333333333333
109953 -1 28953 265855 109953 0.9666666666666667
110083 -1 33058 284068 110083 0.95
110003 -1 42699 384772 110003 1
110097 -1 41964 367207 110097 0.9833333333333333
109979 -1 34564 302756 109979 1
109989 -1 46330 386721 109989 0.95
110147 -1 40599 338908 110147 0.9833333333333333
109997 -1 41823 357431 109997 0.95
110240 -1 32813 275312 110240 1
110205 -1 33320 325447 110205 1
110053 -1 34665 291928 110053 0.95
110163 -1 41262 351735 110163 1
110051 -1 39249 331786 110051 0.9333333333333333
110299 -1 36244 304605 110299 0.9833333333333333
110202 -1 33933 307405 110202 1
110094 -1 38327 326185 110094 0.9833333333333333
110039 -1 37712 326985 110039 0.95
110100 -1 44200 386819 110100 0.9166666666666666
110123 -1 28232 246152 110123 0.9833333333333333
110239 -1 43086 388531 110239 1
110324 -1 45754 402837 110324 1
110164 -1 41650 353513 110164 1
110195 -1 35309 304049 110195 1
110028 -1 32371 272438 110028 0.9666666666666667
110116 -1 36331 387697 110116 0.9833333333333333
109752 -1 36488 311494 109752 1
110224 -1 36752 321272 110224 1
109965 -1 36159 305019 109965 1
110074 -1 28666 244047 110074 1
110116 -1 42887 364590 110116 0.9833333333333333
110085 -1 46412 391239 110085 1
109923 -1 34129 312241 109923 0.95
110058 -1 25837 223001 110058 0.9833333333333333
110205 -1 37257 342824 110205 0.9666666666666667
110207 -1 37882 343644 110207 0.9666666666666667
109992 -1 42757 365650 109992 1
110028 -1 47667 406499 110028 0.95
109968 -1 39990 344946 109968 1
110152 -1 39080 327524 110152 0.9833333333333333
110313 -1 39397 352066 110313 0.9833333333333333
109813 -1 40825 356267 109813 1
110007 -1 38766 330376 110007 0.9833333333333333
110228 -1 46541 418050 110228 0.9833333333333333
110190 -1 42175 364985 110190 0.95
109924 -1 36261 308921 109924 0.9833333333333333
110090 -1 37218 331842 110090 0.9666666666666667
110288 -1 35490 311606 110288 0.9833333333333333
110153 -1 45392 414812 110153 0.9666666666666667
110283 -1 33179 295822 110283 0.9833333333333333
110257 -1 40104 409277 110257 1
110034 -1 37640 388138 110034 0.9666666666666667
109830 -1 36574 364577 109830 0.9666666666666667
110166 -1 40492 389492 110166 0.9833333333333333
110485 -1 38020 373401 110485 1
110212 -1 35033 324396 110212 0.9833333333333333
109930 -1 34320 331642 109930 0.9666666666666667
110068 -1 40692 379744 110068 0.9833333333333333
110041 -1 44088 408933 110041 0.95
110156 -1 34207 325102 110156 0.9666666666666667
110080 -1 43904 403329 110080 1
110299 -1 43027 417511 110299 0.9833333333333333
110041 -1 38582 366764 110041 0.9666666666666667
110093 -1 35237 335429 110093 1
110296 -1 47400 445069 110296 0.9833333333333333
110088 -1 34845 335154 110088 0.9833333333333333
110043 -1 43365 402307 110043 0.9833333333333333
110104 -1 34063 341939 110104 1
110009 -1 35390 348443 110009 0.9833333333333333
109976 -1 34795 352239 109976 0.9666666666666667
109932 -1 31918 314375 109932 0.9833333333333333
110063 -1 49224 476030 110063 0.9666666666666667
109960 -1 29721 280208 109960 1
110247 -1 30636 290191 110247 0.9666666666666667
110185 -1 39024 375435 110185 0.9833333333333333
110196 -1 40369 400359 110196 0.9833333333333333
110115 -1 34218 328962 110115 1
109934 -1 38779 383318 109934 1
110033 -1 37792 368816 110033 0.9833333333333333
110102 -1 38028 364898 110102 0.9666666666666667
109948 -1 35537 379583 109948 0.9833333333333333
110180 -1 41744 399212 110180 1
110177 -1 33405 339262 110177 1
110259 -1 47015 457314 110259 0.9833333333333333
110164 -1 35175 341064 110164 1
110079 -1 32644 297255 110079 1
110150 -1 35466 358164 110150 1
110054 -1 51129 482339 110054 0.9833333333333333
110183 -1 30772 306791 110183 0.9833333333333333
110021 -1 37979 371055 110021 1
109959 -1 38976 388478 109959 0.95
110051 -1 35169 340626 110051 1
110216 -1 42436 401367 110216 0.9833333333333333
110310 -1 40322 404451 110310 0.9833333333333333
110094 -1 32756 341565 110094 1
110007 -1 30299 307590 110007 0.9333333333333333
110098 -1 35433 339402 110098 0.9666666666666667
110010 -1 34169 330663 110010 1
109973 -1 34286 319984 109973 1
110023 -1 36350 351294 110023 1
109919 -1 33605 361856 109919 1
110028 -1 28997 285835 110028 1
110094 -1 36350 352498 110094 0.95
110004 -1 33957 333918 110004 1
110157 -1 40043 382678 110157 1
110106 -1 46409 444228 110106 0.9833333333333333
110037 -1 28063 284450 110037 0.9333333333333333
110064 -1 39353 386719 110064 1
110111 -1 42977 407300 110111 0.9833333333333333
110252 -1 37578 367279 110252 1
110015 -1 25720 249381 110015 1
110072 -1 42718 411727 110072 1
110160 -1 41097 406163 110160 0.9833333333333333
110168 -1 32534 308382 110168 0.9833333333333333
109906 -1 35215 340439 109906 0.9833333333333333
110287 -1 35106 346335 110287 1
110384 -1 36662 348087 110384 0.9666666666666667
110311 -1 44843 433654 110311 0.9833333333333333
109719 -1 38132 372479 109719 0.9833333333333333
110087 -1 38156 374883 110087 0.9833333333333333
110072 -1 44526 433742 110072 0.9833333333333333
110256 -1 36267 363459 110256 0.9666666666666667
110059 -1 41801 410004 110059 0.9833333333333333
110134 -1 35308 350760 110134 1
110022 -1 34573 333337 110022 1
110089 -1 37578 356224 110089 1
109982 -1 41912 401269 109982 0.9666666666666667
110026 -1 37058 357191 110026 0.9833333333333333
109947 -1 42227 407828 109947 1
110118 -1 33914 325385 110118 0.9666666666666667
110001 -1 32067 316431 110001 0.9666666666666667
110124 -1 41505 395751 110124 1
110032 -1 36080 345787 110032 0.9833333333333333
110033 -1 50485 497199 110033 0.9833333333333333
109941 -1 33694 327067 109941 1
110232 -1 36552 347462 110232 0.9833333333333333
109920 -1 41712 406501 109920 1
109803 -1 36061 338705 109803 0.9666666666666667
110218 -1 34404 330491 110218 1
110212 -1 48135 464308 110212 1
110216 -1 40957 393041 110216 0.9833333333333333
110215 -1 42243 405522 110215 0.9666666666666667
109928 -1 37596 368452 109928 0.9833333333333333
109980 -1 42848 415919 109980 0.9666666666666667
109959 -1 33955 330580 109959 0.9833333333333333
110171 -1 38903 376404 110171 0.9833333333333333
110153 -1 45403 429100 110153 1
110046 -1 30336 294195 110046 0.9833333333333333
110125 -1 34840 333767 110125 0.9666666666666667
110128 -1 35355 340051 110128 1
109941 -1 42993 420263 109941 1
110098 -1 45940 440538 110098 0.9833333333333333
110146 -1 54193 514666 110146 1
109907 -1 40449 382035 109907 1
110135 -1 35770 358613 110135 0.9833333333333333
110158 -1 36313 344773 110158 1
110443 -1 37537 378830 110443 0.9833333333333333
109833 -1 35904 355990 109833 0.9833333333333333
110048 -1 40020 383528 110048 0.9333333333333333
110162 -1 33814 331321 110162 0.9666666666666667
110052 -1 42030 403294 110052 1
110112 -1 40340 387930 110112 1
110420 -1 43493 420364 110420 0.9833333333333333
