173628 -1 62880 803211 173628 0.9571428571428572
173578 -1 54387 719989 173578 1
173874 -1 67812 875540 173874 0.9714285714285714
173569 -1 59282 755772 173569 0.9857142857142858
173992 -1 51020 698430 173992 0.9857142857142858
174102 -1 61299 809540 174102 0.9714285714285714
173755 -1 57684 752464 173755 1
173744 -1 49081 644700 173744 0.9857142857142858
173796 -1 64940 829869 173796 1
173897 -1 62841 869286 173897 0.9857142857142858
173602 -1 55563 777338 173602 1
174085 -1 65009 823597 174085 0.9857142857142858
173665 -1 58879 751850 173665 0.9857142857142858
173980 -1 58590 763385 173980 0.9714285714285714
173390 -1 66038 868524 173390 1
173976 -1 70612 964583 173976 0.9857142857142858
173977 -1 59448 858142 173977 1
173815 -1 57620 821666 173815 0.9714285714285714
173723 -1 84619 1067077 173723 0.9857142857142858
173935 -1 54947 728783 173935 0.9857142857142858
173912 -1 73190 1015106 173912 0.9857142857142858
174056 -1 59477 756028 174056 1
173587 -1 74761 928648 173587 0.9857142857142858
173941 -1 61098 811653 173941 1
173835 -1 51165 681501 173835 0.9857142857142858
173710 -1 73638 951858 173710 1
173852 -1 68923 912273 173852 0.9857142857142858
173447 -1 54351 690116 173447 0.9571428571428572
173837 -1 61384 762990 173837 0.9857142857142858
173509 -1 63751 819941 173509 0.9857142857142858
173724 -1 56585 730354 173724 0.9857142857142858
174136 -1 56057 716925 174136 0.9857142857142858
173444 -1 58613 748718 173444 0.9714285714285714
173784 -1 68066 857431 173784 0.9571428571428572
173764 -1 54268 686946 173764 0.9714285714285714
173835 -1 65684 829711 173835 0.9714285714285714
173742 -1 57615 715475 173742 1
173722 -1 50647 672939 173722 1
173740 -1 68930 892571 173740 1
174036 -1 52319 653585 174036 1
173763 -1 56265 711598 173763 1
173696 -1 78478 960418 173696 0.9857142857142858
173776 -1 58330 729794 173776 1
173641 -1 68063 879462 173641 1
173873 -1 73469 938988 173873 1
173598 -1 57791 722853 173598 1
173524 -1 66804 837390 173524 0.9714285714285714
173978 -1 62447 793862 173978 0.9857142857142858
173966 -1 60751 751204 173966 1
173617 -1 56425 731313 173617 0.9857142857142858
173887 -1 83082 1062747 173887 1
173723 -1 58591 745476 173723 0.9857142857142858
173469 -1 59019 755623 173469 0.9857142857142858
173984 -1 53588 692965 173984 0.9857142857142858
173557 -1 65497 841227 173557 1
173810 -1 51544 645082 173810 0.9857142857142858
173995 -1 55099 778771 173995 0.9857142857142858
173772 -1 51063 648071 173772 0.9857142857142858
173901 -1 71587 932370 173901 0.9428571428571428
173522 -1 80759 1012282 173522 0.9857142857142858
173872 -1 58462 738086 173872 0.9857142857142858
173720 -1 50838 635609 173720 0.9714285714285714
173512 -1 57782 729433 173512 1
173535 -1 69002 851910 173535 0.9857142857142858
173430 -1 66541 838059 173430 1
173562 -1 57302 749803 173562 1
173763 -1 52951 666909 173763 0.9857142857142858
173753 -1 67404 862456 173753 0.9857142857142858
173826 -1 57556 719879 173826 0.9571428571428572
173924 -1 57593 734399 173924 1
173767 -1 50239 631454 173767 1
173977 -1 59995 775083 173977 0.9857142857142858
173922 -1 60119 753212 173922 1
173588 -1 59308 755913 173588 1
173710 -1 58485 738022 173710 1
173712 -1 67352 848696 173712 0.9714285714285714
173766 -1 65741 813513 173766 0.9714285714285714
173735 -1 60613 798390 173735 1
173713 -1 75456 948848 173713 0.9714285714285714
173740 -1 52609 662940 173740 0.9571428571428572
173903 -1 66863 836698 173903 1
173705 -1 53432 702578 173705 0.9857142857142858
173879 -1 62685 782518 173879 0.9857142857142858
173893 -1 71097 876284 173893 0.9857142857142858
173852 -1 65305 816496 173852 0.9571428571428572
173542 -1 75594 921724 173542 0.9857142857142858
173605 -1 58938 747643 173605 0.9857142857142858
173608 -1 48619 603597 173608 0.9857142857142858
173951 -1 64203 808015 173951 1
173770 -1 60790 760203 173770 1
173712 -1 62836 789795 173712 0.9857142857142858
173832 -1 59606 765299 173832 0.9857142857142858
173800 -1 57304 748686 173800 1
173775 -1 48797 625380 173775 0.9714285714285714
173679 -1 49605 625572 173679 1
173584 -1 62950 799545 173584 0.9714285714285714
173767 -1 58931 765791 173767 0.9714285714285714
173744 -1 73931 929580 173744 1
173805 -1 64184 805157 173805 1
173518 -1 59272 765081 173518 1
174118 -1 69975 872925 174118 0.9857142857142858
173447 -1 67943 834191 173447 0.9714285714285714
173739 -1 65801 828489 173739 0.9571428571428572
173730 -1 48291 622384 173730 0.9714285714285714
173636 -1 69301 946337 173636 1
173885 -1 63284 854227 173885 0.9857142857142858
173881 -1 72960 898224 173881 0.9571428571428572
173736 -1 55541 695100 173736 1
173731 -1 57913 696899 173731 0.9857142857142858
173880 -1 60428 744948 173880 1
173509 -1 61590 751355 173509 0.9857142857142858
173623 -1 65368 862983 173623 0.9857142857142858
173462 -1 74438 945605 173462 1
173662 -1 51134 690990 173662 1
174069 -1 74066 965696 174069 0.9714285714285714
173730 -1 51796 746055 173730 0.9857142857142858
173851 -1 72219 1146286 173851 0.9714285714285714
174042 -1 70738 998296 174042 1
173838 -1 63088 872110 173838 1
173615 -1 58550 853104 173615 0.9714285714285714
174174 -1 66348 848725 174174 0.9571428571428572
173854 -1 68244 869169 173854 0.9714285714285714
173749 -1 62682 793706 173749 0.9857142857142858
173773 -1 67598 866473 173773 1
174059 -1 52750 660745 174059 0.9857142857142858
173626 -1 62785 871730 173626 0.9857142857142858
173620 -1 71169 927886 173620 0.9714285714285714
173927 -1 58209 754309 173927 0.9571428571428572
173764 -1 67495 858432 173764 0.9857142857142858
173823 -1 63431 840717 173823 1
173544 -1 65365 892201 173544 0.9857142857142858
173798 -1 54473 670736 173798 0.9857142857142858
173774 -1 77325 977631 173774 1
173872 -1 57448 741259 173872 0.9714285714285714
173715 -1 75774 932277 173715 0.9857142857142858
173506 -1 62583 796506 173506 0.9857142857142858
173705 -1 61921 773769 173705 1
173773 -1 71564 879431 173773 0.9714285714285714
173583 -1 53919 668014 173583 1
174017 -1 67061 898626 174017 1
173797 -1 52653 675006 173797 1
173749 -1 68692 854480 173749 1
173910 -1 63452 776069 173910 0.9428571428571428
173923 -1 58697 736532 173923 0.9857142857142858
173931 -1 60379 772607 173931 0.9714285714285714
173657 -1 60644 747525 173657 1
173680 -1 58692 792649 173680 1
173656 -1 61597 765697 173656 0.9714285714285714
173607 -1 65058 826410 173607 1
173727 -1 61549 810325 173727 0.9857142857142858
173860 -1 56132 700107 173860 0.9714285714285714
173812 -1 53960 984018 173812 0.9714285714285714
173747 -1 68555 890274 173747 0.9857142857142858
173744 -1 74697 974294 173744 1
173635 -1 55203 700353 173635 1
173745 -1 67324 929412 173745 0.9857142857142858
173527 -1 61983 791592 173527 0.9857142857142858
173623 -1 57627 778895 173623 0.9714285714285714
173885 -1 69885 919503 173885 0.9714285714285714
173647 -1 69851 1005928 173647 0.9857142857142858
173803 -1 67082 890607 173803 1
173903 -1 56015 775820 173903 0.9857142857142858
173781 -1 61448 765415 173781 1
173632 -1 60390 817096 173632 0.9428571428571428
173830 -1 63567 896123 173830 1
173513 -1 72531 933076 173513 0.9714285714285714
173776 -1 51639 746880 173776 0.9714285714285714
173555 -1 57631 760168 173555 0.9428571428571428
173503 -1 57862 761513 173503 0.9714285714285714
173479 -1 67925 839049 173479 1
174487 -1 60526 767803 174487 1
173939 -1 54001 705519 173939 0.9857142857142858
173961 -1 58849 763343 173961 1
173948 -1 58954 756072 173948 0.9714285714285714
173856 -1 64804 791960 173856 0.9857142857142858
173873 -1 66088 835350 173873 0.9857142857142858
173464 -1 61267 770981 173464 0.9857142857142858
173880 -1 52211 667652 173880 0.9857142857142858
173840 -1 60818 794261 173840 1
174017 -1 63770 842849 174017 0.9714285714285714
173756 -1 61760 813067 173756 1
173698 -1 58716 835306 173698 0.9857142857142858
173839 -1 73045 940191 173839 1
173883 -1 56864 750889 173883 0.9571428571428572
173677 -1 60402 767334 173677 1
173579 -1 68559 866011 173579 1
174089 -1 59909 754227 174089 0.9714285714285714
173557 -1 58457 741042 173557 1
173397 -1 59288 805800 173397 0.9714285714285714
173771 -1 73301 1013686 173771 0.9857142857142858
173834 -1 62476 817901 173834 1
173667 -1 71976 924999 173667 0.9714285714285714
173600 -1 61504 781529 173600 0.9714285714285714
173707 -1 51829 762109 173707 0.9857142857142858
174027 -1 64220 946475 174027 1
173907 -1 56987 777851 173907 1
173664 -1 67657 1078714 173664 1
173742 -1 59309 796348 173742 0.9857142857142858
173822 -1 55975 731095 173822 0.9857142857142858
173827 -1 63897 1066173 173827 0.9857142857142858
173715 -1 51759 657108 173715 1
173489 -1 75045 954871 173489 0.9857142857142858
173775 -1 56721 725656 173775 1
173588 -1 72475 908367 173588 0.9714285714285714
173719 -1 64521 820932 173719 0.9857142857142858
173892 -1 54852 692410 173892 0.9857142857142858
173758 -1 54811 702002 173758 0.9857142857142858
173706 -1 54990 713482 173706 1
174080 -1 68049 884586 174080 0.9571428571428572
173947 -1 51748 648061 173947 1
173720 -1 69203 864557 173720 0.9857142857142858
173876 -1 57486 732106 173876 0.9857142857142858
173629 -1 55339 705659 173629 0.9428571428571428
174032 -1 75971 981940 174032 1
173611 -1 62836 822965 173611 0.9714285714285714
173703 -1 62097 868736 173703 0.9857142857142858
173509 -1 62793 866178 173509 0.9857142857142858
173458 -1 64662 906024 173458 0.9857142857142858
173487 -1 60677 769473 173487 0.9857142857142858
173786 -1 49339 674269 173786 1
173647 -1 69555 905699 173647 1
173711 -1 70696 920569 173711 0.9714285714285714
173589 -1 70278 904498 173589 1
173754 -1 58268 752210 173754 0.9285714285714286
173573 -1 67454 879093 173573 0.9571428571428572
174173 -1 59590 760458 174173 1
173617 -1 74458 929469 173617 1
173988 -1 64201 834324 173988 0.9857142857142858
173904 -1 78949 1040129 173904 0.9857142857142858
173589 -1 60850 942308 173589 1
173824 -1 56233 729230 173824 0.9857142857142858
173853 -1 56289 836103 173853 0.9857142857142858
173788 -1 69338 931525 173788 0.9857142857142858
173616 -1 66691 893106 173616 1
173755 -1 69254 903994 173755 0.9857142857142858
174047 -1 71024 906077 174047 0.9857142857142858
173796 -1 52676 686096 173796 0.9857142857142858
173816 -1 56015 844413 173816 1
173855 -1 70269 892303 173855 1
173890 -1 56400 775811 173890 0.9571428571428572
173807 -1 69311 889252 173807 0.9571428571428572
174100 -1 67655 876199 174100 1
173942 -1 58288 861108 173942 0.9571428571428572
173811 -1 80471 1018150 173811 0.9857142857142858
173718 -1 72093 914041 173718 1
173712 -1 54997 749428 173712 1
173594 -1 69300 881793 173594 1
173991 -1 56981 707079 173991 0.9857142857142858
173645 -1 69028 885007 173645 1
173669 -1 56023 736767 173669 0.9571428571428572
173632 -1 63688 820374 173632 0.9714285714285714
173792 -1 58916 751936 173792 1
173758 -1 53574 689728 173758 1
173685 -1 63808 825075 173685 0.9857142857142858
173826 -1 69845 861192 173826 0.9714285714285714
173877 -1 45450 584287 173877 0.9571428571428572
173769 -1 65598 846240 173769 0.9857142857142858
173764 -1 77872 999653 173764 0.9857142857142858
173888 -1 68806 875310 173888 1
173586 -1 63710 814216 173586 1
173635 -1 60706 773866 173635 0.9857142857142858
173921 -1 52202 778166 173921 1
173617 -1 65553 1009905 173617 1
174164 -1 80853 1054493 174164 0.9428571428571428
173954 -1 86148 1140942 173954 0.9714285714285714
173778 -1 50994 666885 173778 0.9857142857142858
173623 -1 47490 625369 173623 1
173771 -1 52406 726772 173771 1
173598 -1 76142 1057997 173598 0.9714285714285714
174147 -1 62135 854079 174147 1
173681 -1 63302 811696 173681 0.9714285714285714
173791 -1 57483 757321 173791 0.9857142857142858
173990 -1 73532 961404 173990 0.9714285714285714
173559 -1 61921 789119 173559 1
174076 -1 61110 775488 174076 1
173753 -1 53068 662670 173753 1
173835 -1 54623 695122 173835 0.9857142857142858
173894 -1 58548 753139 173894 0.9857142857142858
173634 -1 53813 690350 173634 1
173857 -1 66063 855450 173857 0.9857142857142858
173568 -1 64868 840270 173568 1
173702 -1 68111 874475 173702 0.9857142857142858
173539 -1 66227 866841 173539 0.9857142857142858
173866 -1 63030 794774 173866 1
173789 -1 66794 871934 173789 0.9714285714285714
173647 -1 65277 841835 173647 1
174069 -1 69529 871743 174069 0.9857142857142858
173562 -1 64759 825859 173562 0.9714285714285714
173552 -1 59817 763717 173552 0.9857142857142858
173834 -1 65163 827133 173834 0.9571428571428572
173832 -1 75717 959602 173832 0.9714285714285714
173770 -1 67528 867633 173770 0.9714285714285714
173806 -1 55961 733369 173806 0.9857142857142858
173698 -1 62800 819369 173698 1
173891 -1 68240 881821 173891 0.9714285714285714
173934 -1 77266 980454 173934 1
173828 -1 70729 884285 173828 1
173599 -1 70055 892467 173599 1
173861 -1 48324 605416 173861 0.9857142857142858
173924 -1 67910 838130 173924 0.9571428571428572
