348898 -1 21778 87425 348898 0.95
334460 -1 16648 69955 334460 0.95
322154 -1 17381 67680 322154 1
346084 -1 18229 70544 346084 1
313158 -1 14720 68236 313158 1
340808 -1 15620 67477 340808 0.975
338848 -1 20996 78672 338848 1
346920 -1 16668 62431 346920 0.975
353550 -1 19003 77390 353550 1
329376 -1 15143 62414 329376 0.975
341470 -1 16325 62836 341470 0.975
347848 -1 15397 60382 347848 0.95
337932 -1 18510 69511 337932 0.975
343878 -1 15152 67037 343878 0.975
348708 -1 19510 73922 348708 0.975
344656 -1 15426 65978 344656 0.95
341744 -1 22940 92355 341744 0.95
344202 -1 18206 74290 344202 0.975
358514 -1 15696 72613 358514 0.975
337542 -1 13530 59470 337542 0.975
358900 -1 20765 83371 358900 0.975
356366 -1 19447 73381 356366 0.925
332666 -1 18575 72323 332666 0.95
331820 -1 15234 60546 331820 1
329000 -1 14690 59078 329000 0.95
338956 -1 15587 59202 338956 0.975
341742 -1 17324 69434 341742 0.975
359212 -1 15677 60579 359212 0.95
357794 -1 12735 59425 357794 0.975
352860 -1 18253 68286 352860 1
329916 -1 18594 70025 329916 0.95
343466 -1 17370 65442 343466 0.95
335980 -1 17975 69144 335980 1
338120 -1 15502 60359 338120 1
320822 -1 13497 57005 320822 0.975
349086 -1 12626 56007 349086 0.95
349986 -1 17847 72523 349986 0.975
345588 -1 11917 52488 345588 0.975
339052 -1 18444 70318 339052 1
335612 -1 17903 70610 335612 1
333202 -1 19009 73240 333202 1
324040 -1 18698 69033 324040 0.95
357100 -1 17623 73988 357100 0.925
339182 -1 17577 71913 339182 0.975
332722 -1 19514 85337 332722 0.975
343946 -1 12157 52219 343946 1
349414 -1 14907 62133 349414 0.975
338036 -1 12716 58630 338036 0.975
335962 -1 19567 83029 335962 0.95
333542 -1 15087 62351 333542 0.975
345702 -1 15941 66923 345702 0.975
330596 -1 19429 76112 330596 0.9
341882 -1 19747 74350 341882 0.975
347376 -1 13871 66187 347376 0.925
340434 -1 12640 50774 340434 0.975
335544 -1 12670 55128 335544 0.975
326376 -1 11762 44932 326376 1
338594 -1 17585 75426 338594 0.975
345304 -1 19410 80975 345304 0.95
335802 -1 18717 83014 335802 1
350704 -1 11912 71682 350704 1
331226 -1 15542 59052 331226 0.975
337644 -1 16331 62754 337644 0.925
338594 -1 14498 66625 338594 1
339206 -1 12159 55678 339206 0.975
351904 -1 13420 60403 351904 0.975
343554 -1 21080 84290 343554 0.95
330096 -1 19082 73632 330096 0.95
357622 -1 16739 65967 357622 1
345950 -1 20820 83707 345950 0.95
352430 -1 17651 67602 352430 0.975
333598 -1 12407 58895 333598 1
335210 -1 17669 73070 335210 0.975
355830 -1 18612 70258 355830 0.975
345898 -1 18335 69731 345898 0.95
341938 -1 17260 66057 341938 0.975
331670 -1 21567 87842 331670 0.975
346136 -1 14377 55831 346136 0.975
344396 -1 15365 59906 344396 1
350726 -1 15952 62779 350726 0.975
344980 -1 16302 69492 344980 1
340430 -1 18336 73631 340430 1
344842 -1 18197 78824 344842 1
346042 -1 14467 56896 346042 0.9
335582 -1 12837 55112 335582 0.975
331016 -1 12789 65386 331016 1
331686 -1 19308 75478 331686 1
337488 -1 15499 61116 337488 0.95
345650 -1 23328 89723 345650 0.975
338724 -1 15884 60674 338724 0.975
340844 -1 24480 108741 340844 1
336352 -1 20357 78718 336352 0.975
320296 -1 15964 67135 320296 0.95
341926 -1 19542 90451 341926 0.95
349546 -1 15838 73190 349546 0.9
355892 -1 19703 81484 355892 1
335932 -1 18147 83785 335932 1
338460 -1 20625 99518 338460 0.975
354138 -1 15301 60947 354138 1
354612 -1 15973 70398 354612 0.975
333064 -1 14596 62500 333064 0.975
340676 -1 15472 62651 340676 0.9
345588 -1 15653 62208 345588 0.95
342916 -1 16075 77157 342916 0.975
349856 -1 17031 87350 349856 0.95
329974 -1 14478 55524 329974 0.975
334606 -1 18330 74191 334606 0.95
311782 -1 14472 67289 311782 0.925
357954 -1 19989 76485 357954 0.9
332640 -1 16101 66515 332640 0.975
341976 -1 14358 67738 341976 0.95
343336 -1 16182 61621 343336 0.925
354876 -1 16703 67476 354876 1
342628 -1 19585 74713 342628 1
352734 -1 18117 70000 352734 0.975
343818 -1 15856 59644 343818 0.975
334424 -1 18193 70336 334424 0.975
320896 -1 17688 66326 320896 0.95
354476 -1 14972 61129 354476 0.95
355824 -1 18508 69618 355824 0.975
346440 -1 16821 68847 346440 0.95
340430 -1 14434 54905 340430 0.975
356562 -1 18069 77247 356562 1
322104 -1 17753 68650 322104 1
350360 -1 17317 66777 350360 0.95
353468 -1 13902 53095 353468 1
328844 -1 15600 64952 328844 1
333896 -1 18007 67863 333896 1
351334 -1 21661 82106 351334 1
339682 -1 16506 65205 339682 1
348820 -1 15556 61226 348820 0.95
345420 -1 20601 79513 345420 0.95
327384 -1 17937 69039 327384 0.95
347180 -1 12878 50514 347180 0.95
345438 -1 19275 71854 345438 0.95
338692 -1 18661 69668 338692 0.95
339698 -1 16078 61370 339698 0.975
343696 -1 17050 64024 343696 0.975
339592 -1 15054 57463 339592 1
340720 -1 13156 55866 340720 0.95
349462 -1 13973 55519 349462 0.975
342168 -1 17833 65505 342168 0.95
335140 -1 13990 54027 335140 0.95
334354 -1 17006 69191 334354 1
303146 -1 18644 73389 303146 1
338872 -1 13649 67154 338872 1
331012 -1 20627 78265 331012 1
352312 -1 15858 64162 352312 0.975
337094 -1 15591 62850 337094 1
351182 -1 18054 66703 351182 1
329562 -1 14665 65304 329562 0.975
345088 -1 19863 75156 345088 1
323478 -1 17031 64171 323478 0.975
349200 -1 14699 55450 349200 1
338046 -1 15941 61898 338046 0.95
354882 -1 14207 63926 354882 0.95
339338 -1 15223 59246 339338 0.95
345538 -1 17073 70063 345538 0.975
331766 -1 16882 75808 331766 1
338096 -1 23833 91101 338096 0.975
349976 -1 17793 71591 349976 1
352370 -1 17675 73620 352370 0.975
338838 -1 13628 82268 338838 0.9
332308 -1 13405 60098 332308 0.95
340212 -1 14561 54429 340212 1
361372 -1 16019 70352 361372 1
333674 -1 16095 61828 333674 1
329414 -1 18434 79823 329414 0.975
350626 -1 13252 56530 350626 0.975
343122 -1 19759 79527 343122 0.95
335106 -1 14405 66233 335106 1
335060 -1 17663 76948 335060 0.975
349644 -1 18625 69204 349644 0.975
352270 -1 18858 70179 352270 0.975
357618 -1 21733 80401 357618 1
325932 -1 15481 58801 325932 0.975
347802 -1 13163 65820 347802 1
331736 -1 14872 65988 331736 1
356000 -1 19639 77443 356000 0.925
342886 -1 15313 64213 342886 0.95
340830 -1 20401 90190 340830 0.975
342444 -1 19275 74413 342444 0.975
349050 -1 17196 68713 349050 0.95
358846 -1 14068 59221 358846 1
349970 -1 19118 86124 349970 0.95
349788 -1 24018 94789 349788 1
335240 -1 17071 65030 335240 1
354894 -1 12771 57713 354894 1
342428 -1 20572 77935 342428 0.95
347620 -1 18452 77024 347620 1
345396 -1 12567 53817 345396 0.975
355286 -1 15880 73904 355286 0.95
349912 -1 20467 78957 349912 1
337858 -1 18257 70467 337858 1
330136 -1 15316 58485 330136 1
356500 -1 18134 79821 356500 0.975
329808 -1 13749 53526 329808 0.975
324482 -1 15660 63818 324482 0.975
338448 -1 15791 61033 338448 1
334272 -1 17220 68771 334272 0.975
326538 -1 14717 59124 326538 0.95
328380 -1 15070 58371 328380 0.975
324882 -1 13952 55919 324882 0.95
346644 -1 13224 61096 346644 1
339432 -1 10702 54174 339432 1
343048 -1 18795 75775 343048 1
333160 -1 19975 75242 333160 0.925
333486 -1 16935 71723 333486 0.95
335934 -1 21520 83158 335934 0.95
330066 -1 14440 55274 330066 0.9
342656 -1 16499 67449 342656 0.975
359336 -1 20276 84420 359336 0.975
338110 -1 14379 68271 338110 0.975
334522 -1 19251 79124 334522 0.875
354518 -1 19020 85232 354518 1
326232 -1 18448 73887 326232 1
347936 -1 21769 84486 347936 0.95
337438 -1 21403 95159 337438 1
343300 -1 18985 80393 343300 1
327702 -1 17509 75659 327702 1
331058 -1 10925 68109 331058 0.975
347260 -1 16929 78641 347260 1
339176 -1 18622 91587 339176 1
334312 -1 15441 69686 334312 1
338632 -1 13192 62909 338632 0.95
335852 -1 15844 70051 335852 0.95
326446 -1 15194 58675 326446 1
323682 -1 15149 65364 323682 1
349346 -1 16669 66906 349346 1
329470 -1 12729 57172 329470 0.975
352926 -1 14274 59357 352926 1
347420 -1 16429 63314 347420 0.975
353978 -1 13684 52453 353978 0.975
348296 -1 19201 71744 348296 0.925
348576 -1 16726 62594 348576 0.975
340462 -1 14775 60976 340462 0.95
355166 -1 17943 71780 355166 0.975
343338 -1 15693 61525 343338 1
341662 -1 13982 58391 341662 1
335668 -1 11309 54954 335668 1
335900 -1 14298 55319 335900 0.975
343404 -1 16072 63851 343404 1
339044 -1 17577 78825 339044 0.975
337368 -1 21470 87209 337368 1
342724 -1 16135 67086 342724 1
340648 -1 24408 109370 340648 1
340096 -1 17389 74080 340096 0.95
359132 -1 17126 70011 359132 0.95
334544 -1 16597 66770 334544 0.95
342398 -1 16494 69598 342398 0.95
360586 -1 17815 83302 360586 0.95
337658 -1 20223 76874 337658 0.975
347646 -1 12216 74531 347646 1
354682 -1 21136 81092 354682 0.95
355572 -1 11199 50604 355572 0.975
330874 -1 17320 65256 330874 0.925
342448 -1 17824 68214 342448 0.975
346220 -1 17817 66917 346220 1
340870 -1 16668 63199 340870 0.95
341266 -1 20715 78230 341266 0.95
323334 -1 13105 54578 323334 1
349926 -1 20395 76321 349926 1
349206 -1 17157 71159 349206 1
353004 -1 19564 75043 353004 1
344524 -1 15364 63526 344524 0.975
350292 -1 14739 71444 350292 0.95
348420 -1 18215 72168 348420 0.975
357822 -1 15131 63883 357822 0.975
354214 -1 15715 69408 354214 0.95
350662 -1 18481 75708 350662 0.975
359896 -1 15780 71255 359896 1
342114 -1 18025 72968 342114 0.975
349240 -1 16495 68572 349240 1
327174 -1 15623 65383 327174 0.95
320136 -1 12736 54702 320136 0.9
327380 -1 16820 68422 327380 0.95
327144 -1 21520 81788 327144 1
332254 -1 11402 48531 332254 0.975
341450 -1 17600 67545 341450 0.95
356814 -1 16975 73787 356814 0.975
347944 -1 19031 73563 347944 0.975
349358 -1 17532 73465 349358 1
336396 -1 14659 61367 336396 0.95
348208 -1 17442 81376 348208 0.975
328886 -1 14219 57350 328886 0.975
342450 -1 19717 79386 342450 1
331604 -1 14129 59644 331604 0.975
328114 -1 13720 64475 328114 0.925
344670 -1 12147 52190 344670 0.975
340096 -1 18300 77885 340096 0.975
339872 -1 19435 74890 339872 0.975
336238 -1 17695 67029 336238 1
347064 -1 15781 62611 347064 1
339208 -1 14815 60834 339208 1
337162 -1 23005 86835 337162 0.95
345644 -1 15706 61785 345644 1
327826 -1 17651 74979 327826 0.975
325490 -1 18214 69247 325490 1
337386 -1 18275 68807 337386 0.95
347266 -1 17692 67657 347266 1
