54482 -1 35986 218270 54482 1
54164 -1 32594 199756 54164 1
55460 -1 53832 342932 55460 0.94
56524 -1 42192 252550 56524 0.98
55618 -1 33382 232818 55618 0.98
55066 -1 35789 210500 55066 1
54922 -1 42321 251475 54922 0.96
55652 -1 35062 213937 55652 0.96
55918 -1 33720 222117 55918 1
54986 -1 33941 217154 54986 0.98
55330 -1 44874 294666 55330 0.98
54582 -1 34834 233691 54582 0.94
55858 -1 42929 266115 55858 0.98
56308 -1 43380 264176 56308 0.98
55536 -1 39963 260358 55536 0.98
55420 -1 38682 254930 55420 1
56088 -1 37470 249925 56088 0.98
55286 -1 51361 314855 55286 0.96
55688 -1 36551 241532 55688 1
55168 -1 34368 234823 55168 0.98
54336 -1 45412 322839 54336 1
56132 -1 36174 233947 56132 0.98
56000 -1 35023 232606 56000 0.94
55622 -1 55605 341739 55622 0.98
55808 -1 38713 242136 55808 0.94
55854 -1 39007 246351 55854 1
56136 -1 58794 357840 56136 1
55776 -1 36303 236344 55776 1
55584 -1 42782 289687 55584 1
55812 -1 39424 246521 55812 0.96
55376 -1 39754 262632 55376 1
55402 -1 44957 285727 55402 0.98
55258 -1 35271 244530 55258 1
54554 -1 43100 266427 54554 1
55306 -1 32644 214233 55306 1
55392 -1 31219 232549 55392 0.96
55274 -1 28366 188381 55274 1
54836 -1 36614 263842 54836 0.96
54894 -1 43003 271475 54894 1
55702 -1 35761 213727 55702 0.96
54980 -1 29551 211664 54980 1
55690 -1 38824 236858 55690 0.98
55814 -1 40486 257620 55814 0.96
55660 -1 36602 239003 55660 1
56466 -1 43478 281216 56466 0.96
56322 -1 35469 231492 56322 0.98
55344 -1 46819 286441 55344 0.98
54948 -1 48231 316355 54948 1
55140 -1 35299 219220 55140 0.98
55238 -1 44539 301132 55238 0.98
55450 -1 37336 234826 55450 0.94
55146 -1 44698 275636 55146 1
55438 -1 38417 243050 55438 0.98
54964 -1 52193 323731 54964 1
56054 -1 40855 251352 56054 1
55340 -1 39696 240582 55340 1
55766 -1 54045 337487 55766 0.98
56242 -1 36730 231044 56242 0.96
55300 -1 25550 165437 55300 0.98
56086 -1 40102 246105 56086 0.98
56430 -1 52900 329302 56430 1
56134 -1 47373 302554 56134 0.98
55402 -1 32199 215579 55402 1
56100 -1 47632 280581 56100 0.96
54942 -1 45794 275309 54942 1
55546 -1 32074 232730 55546 0.98
55604 -1 41617 268300 55604 0.98
55940 -1 44176 287528 55940 1
55362 -1 49178 301827 55362 1
55832 -1 34490 248114 55832 1
56008 -1 40712 248914 56008 0.98
55886 -1 37301 232914 55886 1
55614 -1 39711 255621 55614 0.92
55110 -1 42508 279121 55110 1
55794 -1 41357 255173 55794 0.98
54722 -1 40254 247090 54722 0.96
55592 -1 43307 272834 55592 0.98
55024 -1 36542 230953 55024 1
55082 -1 39321 249613 55082 0.96
56264 -1 48629 306372 56264 0.98
55414 -1 39844 246534 55414 0.98
55656 -1 40824 251671 55656 0.98
55728 -1 47344 285917 55728 1
55128 -1 41860 250502 55128 0.98
55230 -1 31852 190066 55230 1
55214 -1 41901 258230 55214 1
54862 -1 35822 253579 54862 1
56178 -1 34995 229898 56178 0.96
54476 -1 47674 294976 54476 0.98
55422 -1 46537 303258 55422 0.96
56330 -1 37352 252951 56330 0.98
54974 -1 50643 301097 54974 0.96
54722 -1 42134 259160 54722 0.94
56932 -1 37307 229257 56932 1
54988 -1 34502 212832 54988 0.98
55470 -1 49692 293584 55470 0.98
55214 -1 46943 280791 55214 0.98
55758 -1 44863 272471 55758 0.96
54956 -1 40374 249825 54956 1
55344 -1 33780 220818 55344 1
55248 -1 39175 240862 55248 1
55580 -1 44537 263786 55580 1
55356 -1 40613 256437 55356 1
55718 -1 43439 269109 55718 0.98
55450 -1 28389 173488 55450 0.94
55498 -1 38969 233700 55498 0.98
55360 -1 40108 236903 55360 1
55658 -1 36539 220905 55658 0.96
54838 -1 34239 203990 54838 0.92
55512 -1 36876 218585 55512 0.98
56126 -1 34020 217777 56126 1
55892 -1 38540 258939 55892 0.96
55580 -1 31812 217092 55580 0.96
55788 -1 39196 251420 55788 0.98
55588 -1 34753 212209 55588 0.96
55724 -1 35526 264733 55724 0.96
55510 -1 35200 223764 55510 0.96
55534 -1 35172 221744 55534 1
54648 -1 38021 236765 54648 1
54730 -1 37648 225566 54730 1
54776 -1 34759 211852 54776 1
54984 -1 37877 248552 54984 1
56486 -1 36839 238298 56486 0.94
55054 -1 33774 214048 55054 0.96
55062 -1 41071 266266 55062 0.98
55286 -1 44283 273336 55286 1
55196 -1 39959 242554 55196 1
54602 -1 31148 198503 54602 0.96
55938 -1 40702 269918 55938 0.96
55778 -1 39240 250087 55778 1
55598 -1 43550 283373 55598 1
55528 -1 33426 248421 55528 1
55534 -1 33076 211954 55534 0.98
54888 -1 31539 199811 54888 1
55400 -1 48230 297643 55400 1
55810 -1 39446 243743 55810 0.98
55034 -1 34892 227593 55034 0.96
55320 -1 47781 290167 55320 0.98
55404 -1 31565 199767 55404 0.98
55528 -1 38906 256090 55528 0.98
55962 -1 30614 198372 55962 0.98
55498 -1 50372 316961 55498 0.98
55944 -1 41736 253828 55944 0.98
55218 -1 39848 252743 55218 0.98
55110 -1 45587 299154 55110 0.98
56064 -1 42531 267755 56064 0.98
55724 -1 39082 254818 55724 0.94
55648 -1 34017 224098 55648 0.96
55256 -1 38251 230889 55256 0.94
54848 -1 41139 249624 54848 0.96
55374 -1 31737 209415 55374 0.98
55756 -1 31116 194534 55756 0.9
55638 -1 39161 232698 55638 1
56620 -1 39453 239973 56620 0.98
55574 -1 44536 279538 55574 0.96
55440 -1 30091 196513 55440 0.96
55970 -1 32642 202776 55970 0.98
55296 -1 44704 278011 55296 0.96
54768 -1 38715 241160 54768 0.96
55764 -1 43377 294809 55764 0.98
55118 -1 30505 203962 55118 0.98
56472 -1 34061 214664 56472 0.98
55168 -1 34467 212639 55168 1
55290 -1 38014 242328 55290 1
56630 -1 28745 174837 56630 0.92
54950 -1 43204 262329 54950 0.96
55444 -1 40959 263681 55444 0.98
56226 -1 36569 261999 56226 1
55720 -1 38419 276445 55720 1
56002 -1 34316 205129 56002 0.98
55554 -1 44734 268704 55554 1
54546 -1 43842 275204 54546 0.98
54888 -1 39926 255725 54888 0.96
55622 -1 40806 282448 55622 0.94
55404 -1 43840 265147 55404 1
56378 -1 28528 179334 56378 0.96
55566 -1 36663 321902 55566 0.98
54656 -1 45799 308286 54656 1
55016 -1 54005 360026 55016 0.96
55876 -1 30008 187209 55876 0.96
55564 -1 41545 289469 55564 0.96
56150 -1 32279 237766 56150 0.98
55634 -1 34460 204574 55634 1
55932 -1 40093 253932 55932 1
54770 -1 30360 210150 54770 0.96
55744 -1 31050 196508 55744 1
55620 -1 38891 241022 55620 0.98
56160 -1 39530 246531 56160 0.96
55922 -1 39240 235759 55922 0.98
56252 -1 49161 318143 56252 1
54882 -1 35757 230322 54882 1
54702 -1 40107 245188 54702 1
56020 -1 50867 323108 56020 1
55340 -1 40029 256037 55340 0.98
55500 -1 35089 231336 55500 0.98
55984 -1 34511 212237 55984 1
55644 -1 36015 226214 55644 0.96
56372 -1 32804 202034 56372 0.98
55526 -1 40243 261707 55526 1
54554 -1 31235 184725 54554 1
54708 -1 36482 244916 54708 1
54470 -1 45188 306111 54470 1
55280 -1 41804 295195 55280 0.98
55142 -1 36094 235267 55142 1
54720 -1 41621 269800 54720 1
55244 -1 32044 214933 55244 0.98
56188 -1 41990 259586 56188 0.96
55992 -1 36767 263756 55992 1
55556 -1 31316 191966 55556 1
55646 -1 43179 267305 55646 0.98
54480 -1 42466 256782 54480 1
56200 -1 36384 222243 56200 0.98
55104 -1 39766 244129 55104 1
55678 -1 39719 234432 55678 1
55398 -1 45520 286823 55398 0.96
55592 -1 50230 310131 55592 0.98
55120 -1 38664 252896 55120 0.96
55592 -1 40558 279620 55592 0.98
55704 -1 35459 225465 55704 1
55854 -1 40607 259204 55854 0.98
54724 -1 31288 223078 54724 1
55204 -1 31577 231737 55204 0.98
54728 -1 37673 239074 54728 1
54884 -1 38532 245655 54884 1
55686 -1 32600 218431 55686 0.98
56116 -1 35539 217177 56116 1
55388 -1 37295 227081 55388 1
55966 -1 48653 298203 55966 0.98
54024 -1 40382 250623 54024 0.96
55656 -1 31868 245785 55656 0.96
55434 -1 35034 219198 55434 0.96
55316 -1 40541 286635 55316 1
55928 -1 47377 288075 55928 0.98
55412 -1 37131 231796 55412 1
54634 -1 38226 248080 54634 0.98
54542 -1 29166 185133 54542 1
55174 -1 36808 244370 55174 1
55990 -1 40471 255338 55990 1
56098 -1 39504 235979 56098 0.98
55908 -1 35438 215163 55908 0.98
55150 -1 34364 220229 55150 0.98
56008 -1 42455 268507 56008 1
55558 -1 29332 193435 55558 0.98
55998 -1 29866 182778 55998 1
54590 -1 44132 270364 54590 0.96
55592 -1 39949 256264 55592 1
56630 -1 42100 257148 56630 0.98
55888 -1 40715 247261 55888 0.94
55816 -1 39261 234690 55816 0.98
55638 -1 28635 196026 55638 0.96
56268 -1 27922 206905 56268 0.94
54970 -1 56052 362555 54970 1
55032 -1 36717 243851 55032 1
56132 -1 42915 287466 56132 1
55800 -1 44366 278715 55800 0.98
55270 -1 46081 281553 55270 0.96
55782 -1 52410 318360 55782 1
56032 -1 42967 266775 56032 1
54750 -1 45046 289200 54750 1
55054 -1 37908 251545 55054 1
55518 -1 39270 253783 55518 0.98
55942 -1 47081 317803 55942 1
56076 -1 44894 278936 56076 0.98
56446 -1 32144 213273 56446 0.98
55116 -1 35189 229059 55116 0.98
54808 -1 33773 211966 54808 0.96
54560 -1 39550 248334 54560 0.98
56018 -1 32529 209424 56018 0.92
55204 -1 35744 233931 55204 0.92
55008 -1 34750 233356 55008 0.96
56142 -1 39783 240184 56142 0.98
55548 -1 32540 223432 55548 0.94
55890 -1 39327 233672 55890 1
56754 -1 42508 267600 56754 0.98
54932 -1 43776 271976 54932 1
55396 -1 35803 225406 55396 0.98
55406 -1 44779 274378 55406 0.98
55226 -1 39673 295519 55226 0.96
56392 -1 34493 216251 56392 0.96
55414 -1 41306 260284 55414 0.98
55310 -1 48703 296361 55310 0.96
55380 -1 33555 204204 55380 0.98
56158 -1 44165 267654 56158 0.96
56290 -1 46975 281983 56290 1
55922 -1 37077 231831 55922 1
55634 -1 39685 237961 55634 1
54896 -1 40740 274579 54896 0.98
56406 -1 33705 249136 56406 1
55528 -1 36953 225060 55528 0.96
55470 -1 31583 216170 55470 1
55336 -1 32248 201416 55336 0.98
55208 -1 46978 300949 55208 1
54742 -1 29783 192765 54742 1
55390 -1 37163 225142 55390 0.98
55120 -1 30805 182082 55120 1
55644 -1 28914 196357 55644 1
55918 -1 32038 224190 55918 0.98
55366 -1 36125 221276 55366 1
56446 -1 54535 352774 56446 0.96
54846 -1 31150 191316 54846 0.96
