3833682 22 7129 9184 4096805 0.8076923076923077
3836230 21 6805 9039 4247768 1
3823896 21 6805 8728 4181858 0.9615384615384616
3822217 28 9073 11384 4238912 0.7692307692307693
3822210 15 4861 6476 4062259 0.8846153846153846
3830301 23 7453 10858 4161467 0.8461538461538461
3828807 19 6157 7772 4116345 0.8461538461538461
3849672 23 7453 9307 4154403 0.8846153846153846
3835898 20 6481 8067 4241615 1
3837247 20 6481 8149 4186183 1
3828898 19 6157 7781 4256409 1
3829826 22 7129 8948 4267850 0.8461538461538461
3867711 18 5833 7371 4216331 0.9615384615384616
3872131 18 5833 7220 4250026 0.9615384615384616
3827571 20 6481 10320 4145686 1
3850336 17 5509 7571 4120771 0.9230769230769231
3833488 25 8101 12166 4334071 0.9615384615384616
3833598 28 9073 12247 4269963 1
3823070 20 6481 10754 4079917 0.8076923076923077
3828935 22 7129 9085 4151932 0.9615384615384616
3853650 18 5833 7810 4202607 0.9230769230769231
3833564 25 8101 10088 4279057 0.8461538461538461
3829738 26 8425 10627 4169286 0.9230769230769231
3830262 23 7453 9292 4111675 0.9615384615384616
3860734 26 8425 11055 4331761 0.9230769230769231
3858459 12 3889 4892 4144387 0.9230769230769231
3865739 21 6805 8419 4222910 0.8846153846153846
3868493 19 6157 7669 4163406 0.9230769230769231
3822869 25 8101 10059 4134921 0.7307692307692307
3873564 21 6805 8538 4193218 0.9615384615384616
3836493 15 4861 6040 4071892 1
3829424 19 6157 7900 4247443 0.8461538461538461
3851809 21 6805 8453 4238634 0.9230769230769231
3836022 24 7777 10052 4202865 1
3821563 19 6157 7705 4286040 0.7692307692307693
3832346 19 6157 7929 4160423 0.8461538461538461
3857543 22 7129 8899 4285093 0.9615384615384616
3832004 18 5833 7306 4097176 1
3851477 25 8101 10254 4219246 1
3831042 20 6481 8130 4247014 0.6923076923076923
3835660 24 7777 9683 4274044 1
3830301 22 7129 8950 4059831 0.9615384615384616
3835496 26 8425 10758 4265542 0.9615384615384616
3821783 18 5833 7288 4116374 0.8076923076923077
3831966 22 7129 8905 4245655 0.8846153846153846
3845648 23 7453 9321 4255283 1
3831464 25 8101 10382 4239606 0.8076923076923077
3831042 24 7777 10259 4179793 0.8461538461538461
3829897 25 8101 10242 4140322 0.7307692307692307
3834311 20 6481 8435 4121443 1
3821239 23 7453 9741 4239992 0.6923076923076923
3822939 28 9073 11498 4321089 0.7307692307692307
3831671 17 5509 6943 4250304 0.9230769230769231
3822099 20 6481 9148 4232110 0.8461538461538461
3834265 25 8101 10142 4286701 0.9230769230769231
3833447 24 7777 9994 4253661 0.9230769230769231
3870063 19 6157 7690 4144307 1
3821555 23 7453 9232 4274242 0.7692307692307693
3832461 27 8749 10985 4215818 0.8076923076923077
3851351 24 7777 11642 4380515 1
3832763 28 9073 11263 4179974 1
3837485 24 7777 9945 4293284 1
3833080 24 7777 10175 4208262 0.8846153846153846
3827279 20 6481 10258 4212432 1
3858959 20 6481 8416 4094415 0.9230769230769231
3833547 22 7129 9737 4201499 0.9230769230769231
3831465 24 7777 10019 4263830 0.8846153846153846
3853720 19 6157 9487 4248603 1
3835065 22 7129 10629 4166274 0.9230769230769231
3872528 19 6157 8055 4194782 0.9230769230769231
3833648 24 7777 10194 4185552 0.8846153846153846
3866111 21 6805 8599 4324681 0.9230769230769231
3829157 20 6481 8225 4154295 0.8076923076923077
3859644 20 6481 8448 4240466 0.8846153846153846
3829826 20 6481 8281 4170956 1
3873597 18 5833 7617 4211134 0.8846153846153846
3829846 22 7129 8866 4110285 0.9615384615384616
3824356 17 5509 6869 4164132 0.8461538461538461
3867487 21 6805 8974 4172935 1
3832420 20 6481 7995 4294701 0.8846153846153846
3851815 17 5509 6898 4202140 0.9615384615384616
3822981 19 6157 7855 4234658 0.8076923076923077
3840467 17 5509 6969 4313509 1
3862611 21 6805 8713 4229744 0.8846153846153846
3871379 22 7129 8817 4204671 0.9615384615384616
3831304 14 4537 5755 4181809 0.9230769230769231
3850715 20 6481 8195 4212227 0.8461538461538461
3821555 21 6805 8492 4284302 0.7692307692307693
3829012 23 7453 9263 4157812 0.7692307692307693
3847539 25 8101 10094 4089018 1
3897674 21 6805 8538 4240207 0.9615384615384616
3831291 22 7129 8970 4266316 0.8846153846153846
3862542 21 6805 11810 4283061 0.9615384615384616
3831529 19 6157 7663 4267298 0.9615384615384616
3862045 13 4213 5294 4120614 0.8076923076923077
3832166 19 6157 7682 4248097 0.7692307692307693
3830990 20 6481 11127 4198167 1
3833031 24 7777 13745 4149998 0.9230769230769231
3822112 27 8749 10994 4212697 0.8461538461538461
3832461 21 6805 8896 4306455 0.8846153846153846
3830363 23 7453 9657 4097062 0.7692307692307693
3863710 23 7453 9358 4068557 1
3830545 23 7453 9536 4213249 0.7307692307692307
3832710 16 5185 6804 4049772 0.8846153846153846
3862545 21 6805 8582 4301548 0.9615384615384616
3830487 21 6805 9324 4212131 0.8076923076923077
3835924 26 8425 10416 4012958 1
3860740 21 6805 8455 4390546 1
3859741 20 6481 8467 4171978 1
3830134 19 6157 7796 4223365 0.8076923076923077
3850963 24 7777 10275 4108746 0.9615384615384616
3865725 13 4213 5305 4120148 0.8461538461538461
3837218 21 6805 8759 4251803 1
3824005 25 8101 11559 4155192 0.8846153846153846
3832405 21 6805 9895 4115002 0.8076923076923077
3832461 22 7129 10220 4388839 0.8076923076923077
3824078 21 6805 10603 4167581 0.8461538461538461
3858306 21 6805 8616 4244159 0.8461538461538461
3851477 21 6805 10276 4113170 0.9615384615384616
3835133 21 6805 11895 4220860 1
3850968 22 7129 9194 4195677 1
3859744 16 5185 6822 4239588 1
3825104 19 6157 7732 4144363 0.8461538461538461
3831594 16 5185 7787 4219335 1
3835924 26 8425 10538 4232725 1
3832640 16 5185 6495 4129289 0.9615384615384616
3877580 18 5833 7447 4256980 0.9615384615384616
3832188 18 5833 7414 4286260 0.8076923076923077
3831042 25 8101 10606 4194697 0.6923076923076923
3875731 17 5509 7229 4259647 0.8846153846153846
3828973 25 8101 10496 4218237 0.9615384615384616
3863177 21 6805 8929 4279375 0.9615384615384616
3832770 22 7129 9215 4308093 1
3837453 19 6157 9212 4028336 1
3830187 20 6481 8138 4328356 0.7692307692307693
3849902 19 6157 7661 4240139 0.8846153846153846
3823422 19 6157 7681 4069075 0.9230769230769231
3822731 27 8749 10878 4216256 0.8076923076923077
3821818 21 6805 8531 4233357 0.6538461538461539
3834989 27 8749 10982 4275062 0.9615384615384616
3862045 16 5185 6503 4188916 0.9230769230769231
3858915 18 5833 7351 4253108 0.7692307692307693
3868612 25 8101 10137 4167017 0.8846153846153846
3864466 17 5509 6859 4155201 0.9230769230769231
3864698 17 5509 7118 4239267 0.9615384615384616
3828947 20 6481 8255 4179277 0.8461538461538461
3830478 17 5509 6905 4204997 0.9615384615384616
3835642 25 8101 10102 4190245 1
3822249 19 6157 7726 4279151 0.7307692307692307
3822492 19 6157 7949 4294093 0.8461538461538461
3821555 24 7777 10037 4275655 0.5769230769230769
3837345 19 6157 7718 4094640 1
3835208 22 7129 8841 4195979 0.8461538461538461
3833547 19 6157 7921 4228097 0.9230769230769231
3822209 21 6805 8836 4082780 0.7692307692307693
3823379 23 7453 12299 4168328 0.8461538461538461
3827279 21 6805 11637 4250286 0.9615384615384616
3821926 20 6481 8033 4250446 0.9230769230769231
3851579 17 5509 6872 4270668 0.8461538461538461
3839195 20 6481 8420 4302877 1
3822249 17 5509 7497 4168365 0.8461538461538461
3828247 17 5509 7013 4160608 1
3829493 23 7453 9269 4154820 0.9230769230769231
3821926 20 6481 8080 4271536 0.9230769230769231
3833902 25 8101 11595 4124600 0.9230769230769231
3830589 17 5509 7183 4079647 0.8076923076923077
3822496 21 6805 8872 4146738 0.8076923076923077
3821555 22 7129 9632 4393995 0.6923076923076923
3839714 15 4861 6862 4059294 1
3822758 21 6805 8571 4211762 0.6923076923076923
3825836 21 6805 8561 4122973 0.7692307692307693
3862981 20 6481 8102 4113593 0.9615384615384616
3822857 19 6157 7648 4136748 0.9230769230769231
3831010 20 6481 8162 4218295 0.7692307692307693
3822314 21 6805 8777 4270835 0.8461538461538461
3845413 19 6157 7711 4256755 0.8461538461538461
3837247 25 8101 10132 4280440 0.9615384615384616
3832429 22 7129 9292 4139889 0.8846153846153846
3833149 24 7777 10236 4229462 0.8461538461538461
3851358 18 5833 7448 4267533 0.9615384615384616
3829493 22 7129 9145 4177582 0.8076923076923077
3822195 22 7129 9310 4321781 0.8846153846153846
3866482 20 6481 9403 4326397 0.8846153846153846
3822551 21 6805 9501 4210482 0.8076923076923077
3850581 15 4861 6169 4222848 0.9230769230769231
3827279 23 7453 9406 4160679 1
3830853 28 9073 11393 4292441 0.6538461538461539
3831644 23 7453 9384 4224785 0.8846153846153846
3830005 21 6805 9278 4207183 0.8846153846153846
3872035 20 6481 8648 4311643 0.9615384615384616
3860644 17 5509 8130 4231773 0.8076923076923077
3835658 22 7129 11114 4360908 0.8076923076923077
3878235 17 5509 7365 4227958 0.9230769230769231
3834205 20 6481 8295 4083038 0.7307692307692307
3834244 18 5833 7406 4104708 0.8461538461538461
3822935 28 9073 12326 4289430 0.8076923076923077
3835924 21 6805 8573 4164007 1
3845127 23 7453 9291 4320538 1
3862975 17 5509 9696 4240290 0.9615384615384616
3832964 20 6481 8351 4092520 1
3829157 25 8101 10059 4188743 0.8846153846153846
3863182 17 5509 7142 4209812 0.8461538461538461
3832188 24 7777 10231 4227391 0.9230769230769231
3836969 23 7453 9497 4245264 0.9615384615384616
3833400 23 7453 9909 4187774 0.6923076923076923
3831525 23 7453 9576 4200595 0.9230769230769231
3822048 19 6157 7935 4191536 1
3821731 20 6481 9260 4230746 0.8076923076923077
3862045 20 6481 8102 4078487 0.9230769230769231
3866427 19 6157 8922 4281893 0.9230769230769231
3830853 23 7453 12568 4219555 0.8461538461538461
3821702 22 7129 8860 4199663 0.6923076923076923
3866413 23 7453 9217 4280526 0.8461538461538461
3830853 23 7453 9391 4229751 0.8461538461538461
3829003 23 7453 9346 4306874 0.9230769230769231
3849902 20 6481 8162 4149200 0.9230769230769231
3823215 23 7453 9273 4148610 0.8846153846153846
3835149 22 7129 8853 4107908 0.8846153846153846
3832776 17 5509 7185 4207544 0.7692307692307693
3822225 26 8425 10792 4223540 0.9230769230769231
3831199 24 7777 9985 4322160 0.8076923076923077
3846122 15 4861 6337 4187850 1
3858686 20 6481 8085 4246254 1
3868145 21 6805 8675 4185871 0.9230769230769231
3822731 22 7129 10588 4193157 0.8846153846153846
3849633 21 6805 10430 4319588 1
3864320 19 6157 12062 4267347 0.8076923076923077
3831659 23 7453 10167 4179637 0.8846153846153846
3828973 14 4537 6127 4185223 1
3825654 16 5185 7598 4081661 0.9230769230769231
3830262 23 7453 9338 4270513 0.8461538461538461
3835689 17 5509 6787 4232040 1
3835398 17 5509 7064 3998962 1
3834944 25 8101 12253 4233160 0.8076923076923077
3821423 31 10045 13346 4350411 0.8461538461538461
3867571 17 5509 7142 4067996 0.9230769230769231
3846641 25 8101 10407 4383149 1
3868145 20 6481 8330 4273538 0.8846153846153846
3833595 26 8425 10556 4209653 0.9615384615384616
3869345 19 6157 8045 4179823 0.8846153846153846
3833558 20 6481 8034 4325613 0.8461538461538461
3834895 21 6805 10066 4414193 0.7692307692307693
3821649 19 6157 8123 4116024 0.8461538461538461
3831128 20 6481 8110 4263157 0.6923076923076923
3836208 19 6157 8096 4182279 0.8461538461538461
3875772 20 6481 8365 4231995 0.9615384615384616
3828694 26 8425 10444 4136514 0.8461538461538461
3873369 17 5509 6861 4071604 0.9615384615384616
3834263 25 8101 10176 4150356 1
3829964 21 6805 8641 4242354 0.9615384615384616
3821959 22 7129 8957 4124852 0.7692307692307693
3831592 23 7453 10594 4197443 0.7692307692307693
3870938 19 6157 7674 4183794 0.9230769230769231
3823515 17 5509 6919 4125635 0.8461538461538461
3858543 21 6805 8431 4194629 1
3835010 23 7453 9225 4280938 0.8461538461538461
3866265 20 6481 10242 4318103 0.9230769230769231
3835077 25 8101 14168 4283468 0.8461538461538461
3860261 21 6805 8542 4335558 0.8846153846153846
3822972 25 8101 10150 4157522 0.7307692307692307
3874355 17 5509 8246 4132052 0.8461538461538461
3831262 19 6157 8459 4243847 1
3853564 20 6481 9867 4153399 1
3861729 21 6805 9437 4245222 0.9615384615384616
3822015 23 7453 9816 4211063 0.8846153846153846
3863552 20 6481 8079 4208483 0.9230769230769231
3838443 22 7129 10895 4269358 1
3866693 15 4861 6167 4297178 0.9230769230769231
3822203 19 6157 7737 4237452 0.9615384615384616
3822492 22 7129 9174 4186916 0.6923076923076923
3821315 27 8749 10849 4274010 0.8461538461538461
3832059 21 6805 8518 4328723 0.8461538461538461
3874249 20 6481 8325 4185002 0.9230769230769231
3821974 20 6481 8084 4181588 0.8461538461538461
3824755 20 6481 8116 4043503 0.5769230769230769
3859766 18 5833 7400 4117399 0.8461538461538461
3833555 23 7453 9251 4338605 0.8076923076923077
3866241 27 8749 10911 4236103 0.9230769230769231
3835227 21 6805 12040 4165651 0.8461538461538461
3830525 20 6481 11244 4166159 0.9230769230769231
3822385 24 7777 9676 4144638 0.8846153846153846
3823635 21 6805 8535 4179849 0.8461538461538461
3829846 19 6157 7731 4199865 0.9615384615384616
3833181 20 6481 8071 4129419 0.8076923076923077
3861593 20 6481 8081 4161811 1
3822105 26 8425 10444 4339760 0.7692307692307693
3837568 25 8101 9995 4297734 0.9615384615384616
3852911 22 7129 9381 4313343 1
3831004 29 9397 11848 4368119 1
3832959 19 6157 7840 4282739 0.9230769230769231
3821818 21 6805 8755 4145192 0.8461538461538461
3832461 31 10045 12442 4190930 0.8076923076923077
3821667 21 6805 8487 4241623 0.8846153846153846
3853449 16 5185 6871 4271615 0.7307692307692307
3823867 19 6157 7845 4304871 0.8076923076923077
3831217 22 7129 11449 4194229 0.7307692307692307
3835563 23 7453 11376 4354823 0.9230769230769231
3846738 17 5509 9122 4011827 1
3822121 25 8101 14478 4284373 0.7307692307692307
3866057 22 7129 8921 4133944 0.9615384615384616
