16762 151
13458 105
11458 252
12560 249
19002 184
11838 152
14430 207
15496 306
14130 121
21404 190
16666 228
14074 304
11722 271
13430 172
12190 194
15334 196
18306 123
12314 161
14308 108
13844 141
13206 111
15076 125
17566 123
11370 141
10214 187
10476 192
13302 140
10782 157
10476 158
15840 123
11926 142
10506 158
10214 204
19520 215
15372 190
19270 125
17900 88
12284 158
18406 140
13094 123
10214 140
14258 123
13050 158
13222 88
12190 142
11488 88
12284 88
15990 124
12096 140
13080 123
11458 140
13674 140
15408 105
14670 175
17298 123
9916 123
14388 89
16844 88
17206 88
12560 140
13458 140
12472 180
11558 123
18742 140
13302 105
10096 175
16586 70
11418 123
10096 176
9552 123
10580 178
12816 165
16976 141
17520 175
14186 140
11926 158
15404 105
11326 105
10096 299
14658 88
16856 125
10580 140
17860 140
16244 140
14272 123
10096 140
18216 70
11560 175
12544 123
12730 105
10096 158
13242 158
14188 124
10096 227
12490 183
14296 158
16076 140
11596 141
13968 106
14730 124
10096 161
15228 157
10790 105
9552 140
15420 129
19884 648
16506 123
17678 88
12352 142
11418 297
12490 140
9552 175
14388 140
17002 70
13244 123
13858 175
15924 123
11876 140
12284 192
12776 157
19540 123
16122 88
17900 105
13254 123
21532 107
12300 123
12222 70
15864 88
11646 175
11248 124
13184 123
15282 89
12952 123
10624 122
21532 105
14308 157
17540 140
15890 105
11722 177
11198 177
18846 125
10214 228
11678 131
15010 158
13034 140
12062 140
16080 88
16416 123
15194 158
12986 108
17278 158
12246 107
15282 158
16666 105
16362 140
11932 123
14714 141
15986 88
12174 158
10122 140
16214 105
13076 142
17878 123
16666 140
19064 70
12300 158
15668 124
12776 210
10790 159
12314 105
15596 105
10122 123
17494 140
10096 192
15106 105
12284 95
13612 193
13902 271
12096 160
12478 105
18406 89
12754 123
12560 158
12952 140
12968 140
15194 105
17244 140
12472 105
16992 105
12096 175
11216 192
18418 158
16300 105
14158 140
13238 140
16702 105
15986 140
16122 88
16516 70
18252 123
13242 124
10476 140
13458 193
11488 140
18242 123
10214 175
16702 123
13430 142
16968 140
12062 159
14382 140
17860 123
15440 181
11926 189
21492 123
11374 140
11370 142
13172 140
15008 105
12486 88
11992 105
14468 140
16246 140
17092 89
13680 123
17504 105
14836 124
10096 123
15930 140
13430 158
15748 175
12062 158
20146 158
10096 158
11678 212
12850 122
14494 123
17294 157
12284 140
16208 105
17656 70
16864 105
17000 123
14188 140
12820 159
13316 140
12294 159
13726 157
12850 125
16848 227
14326 252
11444 123
11838 140
18296 110
17268 88
12968 158
11946 210
13726 123
12314 123
16532 105
15204 192
16666 140
16784 105
10580 123
10624 140
16244 175
12820 175
17850 105
12472 140
16582 140
19756 105
12284 124
10240 105
10214 140
15008 105
18352 175
11558 192
11722 175
20058 105
15438 124
18926 175
11668 124
15178 105
11688 140
13426 53
10506 123
12490 320
13256 158
10506 263
10214 175
17540 125
10240 123
13356 158
13298 123
12576 123
13256 158
10804 88
15508 158
9916 159
14598 123
14210 140
12820 157
14468 158
15932 88
19498 105
13848 124
14762 105
12776 175
11688 123
18216 105
12986 210
12284 123
11302 105
13430 175
12392 141
10506 157
13476 123
14784 123
11722 105
12602 233
12050 965
13770 167
14798 182
13458 269
17942 141
10790 105
21140 88
14000 140
15652 105
15280 107
13238 140
13302 125
17730 123
10192 140
11248 192
12444 123
12560 158
13380 158
12062 140
13190 88
17890 175
15420 158
15758 105
11198 158
10790 123
12622 158
16080 105
11418 158
12208 145
13726 165
15028 174
15372 95
15222 140
16080 123
10096 176
10096 123
17032 123
16014 123
13994 123
12576 107
11418 140
13316 157
18136 105
12478 140
14158 123
13238 88
13380 212
12750 192
11374 140
12208 140
20622 177
16922 88
13430 160
16560 105
13726 123
12062 123
14188 123
15986 107
12974 105
9916 140
17294 140
14388 88
18246 88
17268 140
12050 107
14108 194
16868 88
13954 521
19932 163
11014 105
16928 123
12820 140
14188 140
11326 159
10506 140
16194 142
18394 105
16818 123
13256 123
14416 123
19084 124
17210 140
11216 140
16402 123
14934 193
17590 175
12008 245
15924 146
11780 105
13206 105
11560 158
12062 123
12270 143
10688 140
10790 123
12130 127
15228 123
12444 127
14260 88
11908 157
14796 197
20716 197
16462 171
10096 140
18242 141
12222 140
17256 140
12190 140
16956 88
17018 123
11946 123
11864 105
10122 192
13372 123
12610 105
12486 109
15194 140
10096 123
14934 157
11636 105
16476 143
10580 192
19098 109
15530 175
12246 143
12130 158
15668 88
12774 193
9552 210
14926 158
12174 157
12850 158
14954 140
12300 123
14688 140
16870 123
11014 217
11722 427
13002 158
14512 105
16930 140
13080 153
12862 71
12842 140
13050 193
18802 140
11838 140
13476 124
12174 193
13050 105
12314 107
10096 123
11326 188
10506 105
12492 127
18502 53
15924 106
12486 106
9916 105
11418 177
13902 160
11444 151
16416 140
13778 168
16908 123
17206 175
12096 123
13624 140
17308 88
10096 175
13458 175
14214 123
13682 126
13430 229
12850 264
10192 210
10824 176
10096 249
16244 140
11722 107
14124 140
15204 89
18836 175
11558 123
12816 105
20924 105
11722 123
16122 105
14514 140
17362 175
17644 88
17178 192
13844 159
13902 105
11688 158
11216 158
15924 109
12392 140
15438 88
17372 123
13384 123
11908 108
16992 140
15010 175
10214 140
10906 88
17980 88
12314 1136
11722 161
15014 89
10506 210
11248 143
15518 157
14210 123
11560 140
10122 175
14720 123
10624 140
14258 105
16538 140
12560 140
10240 157
17298 117
13002 140
12294 175
11488 123
14296 140
15438 140
16424 105
16640 70
17162 123
12392 105
11216 123
13476 105
9916 140
17764 140
13902 157
12816 210
16856 140
13680 105
16510 176
11402 176
14746 116
12284 162
16152 123
13426 165
13526 106
12294 128
11014 192
15896 109
13888 105
17702 123
12478 157
10790 140
10624 126
13164 123
14090 176
10096 157
14056 143
15932 105
14468 123
14108 105
16468 53
15734 143
13430 140
21026 89
14598 70
20836 122
11838 107
15100 158
14390 159
16844 122
15162 122
17018 53
19458 88
13612 88
14874 123
11326 175
15932 123
13618 88
11444 199
17674 257
11908 228
11302 123
10096 147
17068 105
12050 88
10506 140
11326 140
13430 178
16976 123
15012 122
15100 140
11560 192
10804 140
16208 105
15420 111
12246 192
13700 202
16160 123
12352 143
10782 123
16204 88
12352 123
16362 157
10688 194
13328 151
15898 123
14368 123
10506 212
11248 192
17178 159
11402 158
13624 306
19270 140
14258 123
11444 123
11418 228
11418 141
10214 175
14188 140
11370 140
11418 140
12754 140
15210 142
13094 123
16362 140
11560 175
11216 192
12548 140
9916 140
16830 188
11944 123
10096 175
15524 140
12284 157
13674 122
14530 70
12576 210
12174 140
13982 140
12444 140
13680 140
17018 118
16506 140
14086 175
11668 157
11248 105
13604 169
15624 230
14326 123
10214 158
17060 122
14096 125
16516 140
15582 143
13692 105
11560 175
12412 123
10580 105
11326 109
13850 105
16964 70
14942 140
11722 210
14096 140
12246 175
14172 175
11754 157
17452 105
16994 122
9552 227
14942 122
17244 157
11558 157
12816 140
15478 123
13050 157
12246 157
16022 142
15210 140
10688 124
12622 140
13156 107
10214 190
12392 211
13234 125
15408 123
11558 140
12836 140
13726 105
19626 123
13726 105
20786 53
16560 140
13628 158
11876 140
13476 105
11668 140
18418 53
17718 140
11560 157
12190 157
10688 140
12334 142
12582 105
13164 123
15868 88
14000 88
13454 144
12174 175
12776 245
14400 175
15362 175
16204 107
15758 175
14288 105
16166 140
14676 123
17070 167
11560 263
14796 140
9552 142
13182 105
14400 175
10790 140
13982 140
17194 105
11754 105
14288 158
15100 123
17070 123
12310 105
17178 158
13322 123
18652 175
12310 140
10790 123
12444 142
11514 123
12928 88
15668 105
12472 89
16928 105
11926 123
13604 88
11592 123
18202 88
10122 123
15636 175
11646 105
16372 123
17286 88
15440 140
14530 140
10476 123
11326 158
13954 105
12576 123
17210 141
15586 123
14304 141
11560 193
12548 142
10804 158
15524 140
14390 88
14304 158
12222 142
10122 140
14326 140
16690 105
12174 140
11556 124
17412 53
19278 175
13624 123
19422 105
11248 140
12062 210
13604 107
13238 175
12174 140
10824 123
14468 88
13352 123
13002 158
16790 70
12062 123
13726 140
12850 123
15358 193
14730 88
14258 140
12216 123
10122 105
13430 115
10688 142
11668 152
17678 123
12560 175
12284 158
13264 88
14304 124
11458 158
13080 178
10476 122
12246 157
11592 123
13238 123
11556 141
13322 123
13346 124
10580 193
12314 108
15362 192
12314 212
13496 175
14466 91
12754 177
13448 158
17924 140
12754 158
12008 88
10476 140
18108 140
16294 107
12270 141
11560 158
15864 107
11458 161
14642 143
10096 274
15432 286
12294 199
15002 166
13002 143
15632 159
11198 194
16928 88
11248 126
12062 108
11198 107
14348 142
12842 146
13850 164
14746 106
11596 142
11838 177
12392 181
11636 89
13822 106
12486 161
17916 89
18198 108
14188 196
13430 163
18958 72
15582 142
15478 108
13380 196
10122 108
16920 161
13612 122
17376 158
11670 107
15572 143
16856 109
15664 292
12036 123
14494 212
13624 123
11556 106
17590 140
11444 141
10122 246
17424 106
14388 106
17222 170
15822 125
16392 126
14296 140
14724 105
11838 176
14430 227
21938 70
16152 88
13902 141
17244 140
12490 105
9552 175
13476 175
17210 106
19086 105
11418 160
12304 157
18418 110
13172 105
11864 70
11402 123
13628 193
12314 205
12036 266
12334 183
12234 180
10122 140
11944 158
18574 124
12246 140
10580 158
11560 175
12444 175
11926 175
14836 123
19002 105
12754 123
12548 175
12062 123
18942 123
10476 157
10688 140
18502 70
13844 122
11418 140
20008 105
12460 105
13726 157
14340 88
14266 105
10096 175
12156 158
11992 158
15324 123
18190 145
14928 204
12216 379
14188 175
14348 105
12246 140
14658 157
17916 158
13850 175
12548 140
19836 70
16096 143
17590 123
12190 105
15582 140
11596 88
14990 146
12750 140
13090 105
11646 123
11558 140
17668 105
16868 140
18644 143
15028 105
11838 105
13430 175
12246 123
12860 53
18566 88
11248 180
12882 105
16096 123
14528 105
10506 192
17596 175
11946 175
11926 158
13692 88
15028 106
16136 123
11370 212
17644 228
11560 141
11876 157
17980 140
16136 175
