94050 24 10417 21914 138320 0.9
97590 22 9549 23408 134860 0.9666666666666667
99940 18 7813 13917 125250 0.8666666666666667
92920 22 9549 16719 136470 0.8
93870 20 8681 15188 137720 0.9333333333333333
94850 23 9983 17261 136320 0.8
95640 27 11719 23084 137630 0.9666666666666667
96360 19 8247 14850 135400 0.9333333333333333
96210 26 11285 21517 140290 0.9666666666666667
95800 21 9115 15793 129090 0.8666666666666667
95330 23 9983 17297 138530 0.9333333333333333
96540 18 7813 13412 139530 1
94370 23 9983 17608 139370 0.9
95400 22 9549 18456 139090 0.9666666666666667
94650 24 10417 18253 126470 0.9666666666666667
95240 19 8247 14970 138760 1
98610 17 7379 12871 129000 0.9333333333333333
97300 25 10851 20737 133110 0.9666666666666667
96370 15 6511 11470 130450 0.8666666666666667
95760 27 11719 23547 136820 0.9666666666666667
96030 23 9983 18091 135410 1
93320 17 7379 13204 134500 0.9333333333333333
91900 27 11719 23038 136550 0.9333333333333333
95340 18 7813 17747 128120 0.9333333333333333
95920 25 10851 20093 136130 0.9666666666666667
96000 23 9983 21268 139670 0.9666666666666667
96140 21 9115 19560 138060 0.9
94430 21 9115 15701 128080 0.9666666666666667
96770 20 8681 14947 132120 1
92050 27 11719 22353 134250 0.9666666666666667
96210 20 8681 18815 131750 0.9666666666666667
96450 21 9115 16434 129910 0.8666666666666667
96870 22 9549 17327 128970 0.9333333333333333
94170 30 13021 24215 138150 0.7666666666666667
95590 22 9549 16406 138630 0.9666666666666667
95670 23 9983 17119 133110 0.9666666666666667
95690 21 9115 16096 138440 0.9666666666666667
92020 22 9549 16771 135190 1
97320 23 9983 17186 135430 0.9333333333333333
95420 31 13455 23171 141790 1
94500 23 9983 18177 137630 1
95990 20 8681 14776 135700 1
94730 23 9983 20284 134340 0.9666666666666667
94750 23 9983 24284 136410 0.9
95630 29 12587 25305 137120 0.9333333333333333
96430 18 7813 14378 138060 0.9666666666666667
95650 23 9983 19261 124010 0.9666666666666667
96190 21 9115 15889 128510 0.9666666666666667
96880 21 9115 16010 141370 0.9333333333333333
93680 22 9549 16338 141740 1
98440 19 8247 14203 132800 0.9666666666666667
96340 18 7813 13621 130980 1
92600 16 6945 11857 126560 0.9333333333333333
97870 23 9983 18379 136930 1
97100 22 9549 19441 137100 0.9
96000 17 7379 15392 128590 0.9
96770 23 9983 17331 136050 0.8333333333333334
92990 21 9115 15769 134830 1
98050 21 9115 16404 140490 1
96380 22 9549 16607 136620 1
95870 19 8247 14613 134150 0.8666666666666667
94790 20 8681 15522 133430 1
95650 23 9983 17117 134560 1
98480 22 9549 21852 139190 1
91660 25 10851 18780 136880 0.9
94630 18 7813 13444 133760 0.9333333333333333
97730 16 6945 11972 130410 0.9666666666666667
98940 14 6077 15471 131470 1
97220 16 6945 12367 126520 1
97880 22 9549 16917 131320 0.9666666666666667
96710 20 8681 15160 138670 0.9
93250 23 9983 17943 137870 0.9
94700 20 8681 14991 134550 0.8666666666666667
92180 21 9115 15833 139960 0.9
94800 23 9983 17822 138730 0.9
95370 20 8681 15161 136400 1
97710 23 9983 17179 139200 1
92260 32 13889 24178 144530 0.9666666666666667
96730 26 11285 21544 141320 0.9333333333333333
95510 24 10417 20410 140090 0.9666666666666667
97870 19 8247 14404 125450 0.9666666666666667
99960 17 7379 12675 141740 1
98410 28 12153 21390 140660 0.8666666666666667
97010 25 10851 18842 133420 0.9666666666666667
91850 22 9549 16418 136930 0.9333333333333333
97880 22 9549 18175 137170 1
92410 25 10851 18752 142480 1
95700 22 9549 16760 129940 0.9666666666666667
94820 17 7379 12760 133590 0.9666666666666667
99920 21 9115 15982 142100 0.9666666666666667
94620 20 8681 17316 127030 0.8333333333333334
91350 24 10417 17990 140510 0.5666666666666667
97470 19 8247 14588 143910 1
93930 24 10417 18002 142700 1
94960 28 12153 20939 138650 1
93020 29 12587 21717 136950 1
96340 21 9115 15795 129860 0.9666666666666667
99420 21 9115 16723 132820 0.9666666666666667
95130 24 10417 18225 137660 1
94450 26 11285 20816 142500 0.9333333333333333
96580 18 7813 13640 133850 0.9666666666666667
97140 27 11719 20381 143820 0.9666666666666667
94420 21 9115 17415 138120 0.8666666666666667
90960 40 17361 29922 136830 0.9333333333333333
95020 18 7813 15342 132740 0.9
97530 18 7813 17044 124450 1
92220 20 8681 15144 129960 0.7666666666666667
93850 20 8681 15382 130450 1
97260 19 8247 14366 130380 1
97280 23 9983 17733 131250 1
96650 21 9115 15610 132660 0.9333333333333333
94160 21 9115 15687 143680 1
95700 24 10417 18860 138830 0.9666666666666667
95780 17 7379 12593 130760 1
94120 19 8247 14014 138000 0.8666666666666667
96090 27 11719 22051 143850 0.9666666666666667
95520 21 9115 16035 133100 0.9666666666666667
94000 28 12153 21451 138790 0.8666666666666667
95600 20 8681 14876 134210 0.9666666666666667
96410 17 7379 13310 124080 0.9
91770 22 9549 17204 134860 0.9666666666666667
88900 33 14323 24690 134770 0.7666666666666667
95850 18 7813 19238 130500 1
94230 25 10851 19121 139670 1
93450 18 7813 13415 132440 0.9333333333333333
99600 14 6077 11173 128080 0.9666666666666667
93820 21 9115 19147 133130 1
97750 20 8681 15056 140990 0.8666666666666667
94920 19 8247 14508 129800 0.8333333333333334
95010 26 11285 19375 138730 0.9666666666666667
96180 24 10417 23324 133320 0.9666666666666667
94840 21 9115 16100 130100 1
94080 24 10417 18178 130580 0.9333333333333333
98520 17 7379 12577 125900 0.9333333333333333
96290 22 9549 16886 135260 1
94910 21 9115 15624 128800 0.9
97900 18 7813 13437 137190 1
96270 28 12153 23543 137160 0.9333333333333333
92700 18 7813 13886 137830 0.7
94650 19 8247 14130 138360 1
96020 21 9115 16219 130010 0.9666666666666667
95750 21 9115 16689 136820 1
91800 22 9549 17719 133070 0.9
93510 21 9115 16775 136090 0.9333333333333333
96320 23 9983 17289 133810 0.9666666666666667
93550 13 5643 9677 126460 1
96950 18 7813 13543 128130 1
93420 23 9983 17460 134000 1
98170 24 10417 18433 142160 1
93420 30 13021 22820 137950 0.9
95890 24 10417 18586 136240 0.9666666666666667
95220 27 11719 20737 132780 1
95280 22 9549 16523 129960 1
94200 24 10417 17834 138460 1
97730 21 9115 15634 133620 1
97780 18 7813 13478 129450 0.8
94470 24 10417 17886 128420 1
94620 29 12587 21957 139170 1
97740 17 7379 13126 132940 0.9666666666666667
94800 24 10417 17834 139450 0.9666666666666667
94950 18 7813 13510 130770 0.9666666666666667
96400 19 8247 14218 134550 0.9333333333333333
95810 21 9115 15876 137800 1
94410 21 9115 17176 133980 1
93870 22 9549 18160 132260 0.9666666666666667
96690 20 8681 17037 126480 0.8
93540 22 9549 18734 133140 0.9666666666666667
98930 19 8247 15302 142260 0.9
96510 21 9115 16605 140310 0.9333333333333333
96790 22 9549 18684 138430 0.9333333333333333
94800 19 8247 14525 141540 1
99090 17 7379 13040 121400 0.9333333333333333
94510 24 10417 18163 137120 1
96110 30 13021 22606 131740 0.6666666666666666
92300 28 12153 21462 141950 1
97130 20 8681 14907 130350 0.9666666666666667
96490 21 9115 15578 132920 1
97480 22 9549 16991 137660 0.9666666666666667
98820 18 7813 14250 130120 0.8333333333333334
98460 24 10417 17882 135160 0.9333333333333333
97190 26 11285 20328 137850 0.9
97280 28 12153 22318 135530 0.9666666666666667
98670 18 7813 18847 135730 0.9666666666666667
94460 16 6945 11966 128650 1
97320 20 8681 15635 135810 0.8333333333333334
93400 28 12153 20903 135060 0.7
95900 20 8681 15317 139590 0.9666666666666667
97440 16 6945 12526 129270 0.9
97490 17 7379 12662 126660 0.9333333333333333
96150 19 8247 14089 141240 0.9666666666666667
93050 23 9983 17791 139000 1
96520 22 9549 16486 136340 0.8666666666666667
93800 27 11719 21191 132430 0.9333333333333333
92360 22 9549 16949 137230 0.9666666666666667
95600 22 9549 16330 139130 1
93030 27 11719 21104 142790 1
91820 22 9549 16675 128610 0.9666666666666667
98360 21 9115 16465 135580 0.8666666666666667
96790 21 9115 16691 133490 0.9
94900 27 11719 20620 133860 0.9666666666666667
99350 19 8247 14095 131920 0.9333333333333333
94360 25 10851 18871 134050 1
95120 16 6945 11951 134120 0.8333333333333334
96750 21 9115 15938 129860 0.8666666666666667
98260 18 7813 13409 130840 0.8666666666666667
99310 21 9115 15886 136420 0.9666666666666667
97760 19 8247 14124 135180 1
94560 22 9549 16444 136170 1
94790 26 11285 20034 135080 0.9333333333333333
97280 20 8681 14775 135310 1
96300 30 13021 22235 131520 0.9333333333333333
93170 22 9549 16509 134770 1
93350 22 9549 16553 123090 0.8666666666666667
94470 23 9983 20229 129200 1
96930 18 7813 13828 137840 0.9
94650 25 10851 18858 136010 0.8666666666666667
96880 16 6945 11908 131930 1
93670 26 11285 19522 140290 0.7
94720 24 10417 17858 136570 1
93880 18 7813 13379 127600 0.9666666666666667
98730 14 6077 11072 121930 1
97520 24 10417 18362 133720 1
95920 19 8247 14514 135840 0.9666666666666667
96950 22 9549 17794 135670 0.9333333333333333
95930 28 12153 21358 139640 0.9
95920 19 8247 14213 130730 0.9333333333333333
92860 20 8681 15525 134340 0.9
92850 22 9549 17084 129520 1
97570 18 7813 13615 130230 0.9666666666666667
96950 23 9983 17626 135240 1
94800 26 11285 20411 138770 0.9666666666666667
97710 23 9983 17126 136290 1
92820 22 9549 18512 134570 0.9
96260 22 9549 16561 142290 0.9333333333333333
95900 24 10417 18428 127500 0.9333333333333333
95630 20 8681 15072 140670 0.9333333333333333
94350 23 9983 17061 121070 0.9
94880 22 9549 16456 139350 0.9666666666666667
101210 16 6945 12371 128480 0.9666666666666667
99240 17 7379 12591 126960 0.8333333333333334
96140 26 11285 19301 127960 0.9666666666666667
94710 19 8247 14100 135240 0.9333333333333333
95600 21 9115 15578 138130 0.9666666666666667
95060 19 8247 19604 139290 1
97620 19 8247 14793 129070 1
92600 21 9115 19774 125730 1
97570 19 8247 14736 131260 1
93620 20 8681 17732 136650 0.9666666666666667
95610 24 10417 20610 136810 0.8333333333333334
97170 21 9115 19674 133950 0.9333333333333333
97250 19 8247 16010 136030 1
93400 28 12153 21350 134960 0.6333333333333333
93610 29 12587 22619 145220 0.9333333333333333
96550 17 7379 12895 133560 1
95330 18 7813 14092 129530 0.8333333333333334
97640 19 8247 15868 138570 0.9666666666666667
96510 24 10417 18872 131550 0.9666666666666667
95890 24 10417 20176 135260 1
96360 21 9115 16106 129430 0.6666666666666666
94780 22 9549 16449 133420 0.9666666666666667
96360 21 9115 20526 134070 1
94320 21 9115 17709 130220 0.8333333333333334
96220 22 9549 24546 134750 0.9666666666666667
97840 19 8247 17312 137460 0.7333333333333333
96130 18 7813 17803 133780 0.8666666666666667
97210 24 10417 22511 141970 0.9
93910 24 10417 19573 139720 1
93250 24 10417 20148 131570 1
96270 25 10851 23136 135860 0.9666666666666667
93500 21 9115 16991 138580 0.9666666666666667
97060 22 9549 19678 134600 0.7666666666666667
95400 25 10851 19915 138400 1
94160 23 9983 21453 135220 1
97130 22 9549 17809 129320 1
95050 28 12153 23711 141640 1
91490 20 8681 16486 128590 1
95790 19 8247 15751 139260 0.8333333333333334
96490 17 7379 14726 135950 1
91360 25 10851 25695 130990 0.9666666666666667
93020 23 9983 20381 132660 0.8666666666666667
96070 24 10417 21406 136300 0.9
96340 17 7379 15750 136160 1
94150 21 9115 16920 136630 0.9
93870 19 8247 19277 135650 0.8666666666666667
95670 24 10417 23661 133090 1
96080 21 9115 22170 142360 0.9333333333333333
93270 21 9115 16964 135840 0.7333333333333333
97960 20 8681 18452 137870 0.8333333333333334
97010 16 6945 12596 134010 1
93570 24 10417 21944 141480 1
96530 23 9983 17770 135760 0.9333333333333333
94630 19 8247 14280 136030 1
96950 19 8247 15602 140760 0.9666666666666667
96810 22 9549 18918 136760 0.9333333333333333
95990 24 10417 23163 131820 0.9333333333333333
94510 23 9983 23432 141280 0.9666666666666667
94140 22 9549 18508 133430 0.9333333333333333
95680 24 10417 20835 132680 1
93370 31 13455 25748 138600 0.9333333333333333
94560 20 8681 15659 138110 0.9333333333333333
