171367 42 101389 1134467 173628 0.9428571428571428
171350 38 91733 1010732 173578 1
171387 38 91733 1032805 173874 0.9571428571428572
171373 42 101389 1130554 173569 0.9571428571428572
171418 36 86905 972096 173992 0.9857142857142858
171414 40 96561 1096795 174102 0.9857142857142858
171491 37 89319 995038 173755 0.9857142857142858
171480 34 82077 906975 173744 0.9571428571428572
171287 44 106217 1164099 173796 1
171229 46 111045 1253735 173897 1
171427 40 96561 1105500 173602 0.9857142857142858
171400 42 101389 1178229 174085 0.9857142857142858
171473 38 91733 994481 173665 1
171356 39 94147 1047297 173980 0.9857142857142858
171351 45 108631 1200734 173390 1
171311 50 120701 1394304 173976 1
171388 45 108631 1259813 173977 0.9714285714285714
171437 41 98975 1146906 173815 1
171239 55 132771 1455165 173723 1
171453 36 86905 975247 173935 0.9714285714285714
171320 51 123115 1500694 173912 1
171451 41 98975 1113371 174056 0.9857142857142858
171267 49 118287 1297093 173587 1
171418 38 91733 1019065 173941 1
171425 39 94147 1030847 173835 1
171300 52 125529 1410258 173710 1
171302 47 113459 1292961 173852 0.9857142857142858
171393 34 82077 912682 173447 0.9
171397 37 89319 968505 173837 1
171311 40 96561 1087493 173509 0.9285714285714286
171409 41 98975 1084132 173724 0.9857142857142858
171555 33 79663 854753 174136 0.9714285714285714
171430 39 94147 1049079 173444 0.9714285714285714
171279 41 98975 1074932 173784 0.9571428571428572
171608 35 84491 928108 173764 0.9857142857142858
171307 40 96561 1088908 173835 0.9571428571428572
171435 36 86905 934299 173742 1
171489 40 96561 1085414 173722 1
171303 47 113459 1338066 173740 1
171482 39 94147 1051930 174036 0.9571428571428572
171406 38 91733 993823 173763 1
171242 45 108631 1226642 173696 0.9714285714285714
171340 40 96561 1044133 173776 0.9857142857142858
171290 43 103803 1115357 173641 0.9857142857142858
171351 49 118287 1305423 173873 0.9285714285714286
171424 39 94147 1013528 173598 1
171351 48 115873 1248055 173524 0.9714285714285714
171421 41 98975 1068585 173978 1
171327 44 106217 1148472 173966 0.9857142857142858
171478 37 89319 936355 173617 1
171293 56 135185 1494793 173887 0.9857142857142858
171493 40 96561 1058289 173723 1
171472 40 96561 1055890 173469 0.9571428571428572
171500 40 96561 1059287 173984 1
171360 40 96561 1067137 173557 0.9714285714285714
171430 38 91733 1019646 173810 1
171426 39 94147 1037596 173995 0.9714285714285714
171477 38 91733 1012065 173772 1
171357 50 120701 1343764 173901 0.9857142857142858
171505 43 103803 1252949 173522 0.9857142857142858
171470 43 103803 1123777 173872 0.9857142857142858
171530 34 82077 882930 173720 1
171308 44 106217 1143563 173512 0.9714285714285714
171468 41 98975 1073032 173535 0.9571428571428572
171458 37 89319 962227 173430 0.9857142857142858
171368 39 94147 1013965 173562 1
171337 39 94147 1025780 173763 0.9857142857142858
171256 44 106217 1142295 173753 0.9857142857142858
171466 42 101389 1100097 173826 0.9
171378 40 96561 1052641 173924 1
171468 33 79663 852118 173767 1
171521 38 91733 1022922 173977 1
171454 36 86905 967142 173922 0.9857142857142858
171316 42 101389 1093815 173588 1
171522 38 91733 991930 173710 1
171394 45 108631 1168654 173712 1
171443 42 101389 1095560 173766 0.9857142857142858
171430 42 101389 1097378 173735 0.9857142857142858
171260 52 125529 1394798 173713 0.9
171481 40 96561 1039658 173740 0.9714285714285714
171356 41 98975 1117915 173903 1
171416 40 96561 1072329 173705 0.9857142857142858
171405 41 98975 1080042 173879 0.9857142857142858
171392 43 103803 1201843 173893 1
171364 45 108631 1168380 173852 0.9857142857142858
171366 38 91733 1006275 173542 0.9571428571428572
171461 40 96561 1027368 173605 1
171397 37 89319 973307 173608 0.9857142857142858
171261 46 111045 1195549 173951 0.9857142857142858
171325 38 91733 995784 173770 1
171410 44 106217 1131084 173712 0.9857142857142858
171520 37 89319 957860 173832 0.9857142857142858
171431 39 94147 1039663 173800 1
171509 33 79663 888839 173775 1
171408 38 91733 994838 173679 1
171292 44 106217 1167722 173584 0.9857142857142858
171335 47 113459 1276595 173767 0.9714285714285714
171557 36 86905 973071 173744 1
171411 38 91733 1043044 173805 1
171449 39 94147 1016942 173518 0.9714285714285714
171281 47 113459 1222826 174118 0.9857142857142858
171315 48 115873 1253758 173447 0.9714285714285714
171413 45 108631 1215031 173739 0.9857142857142858
171466 34 82077 1049013 173730 0.9714285714285714
171329 50 120701 1351851 173636 1
171395 44 106217 1291752 173885 1
171420 49 118287 1267774 173881 0.9857142857142858
171502 41 98975 1069024 173736 1
171393 38 91733 996964 173731 1
171323 39 94147 1047669 173880 0.9428571428571428
171468 39 94147 995116 173509 0.9857142857142858
171421 47 113459 1274890 173623 0.9857142857142858
171349 43 103803 1160361 173462 1
171419 34 82077 987442 173662 1
171318 48 115873 1271851 174069 1
171353 42 101389 1102562 173730 0.9714285714285714
171235 51 123115 1500491 173851 1
171350 48 115873 1497972 174042 0.9857142857142858
171147 53 127943 1392949 173838 0.9428571428571428
171474 34 82077 943122 173615 0.9857142857142858
171366 46 111045 1209756 174174 0.9714285714285714
171367 45 108631 1186422 173854 1
171505 37 89319 975530 173749 1
171388 44 106217 1170792 173773 0.9857142857142858
171559 31 74835 835561 174059 0.9714285714285714
171308 46 111045 1210186 173626 1
171404 47 113459 1208743 173620 0.9857142857142858
171391 41 98975 1048530 173927 0.9857142857142858
171277 45 108631 1193659 173764 0.9714285714285714
171370 45 108631 1171659 173823 1
171520 33 79663 1094009 173544 1
171414 32 77249 879964 173798 0.9714285714285714
171400 47 113459 1210569 173774 1
171414 37 89319 992083 173872 0.9714285714285714
171409 42 101389 1099982 173715 0.9857142857142858
171355 40 96561 1046993 173506 0.9857142857142858
171459 34 82077 867426 173705 0.9857142857142858
171281 47 113459 1227133 173773 0.9857142857142858
171357 37 89319 965945 173583 1
171236 51 123115 1317358 174017 0.9857142857142858
171455 37 89319 986182 173797 1
171329 46 111045 1197785 173749 1
171406 42 101389 1087939 173910 0.9571428571428572
171410 44 106217 1122896 173923 1
171470 45 108631 1175625 173931 0.9428571428571428
171402 41 98975 1058254 173657 0.9428571428571428
171556 33 79663 875968 173680 0.9857142857142858
171312 44 106217 1148216 173656 0.9714285714285714
171501 36 86905 945497 173607 1
171409 42 101389 1162464 173727 0.9857142857142858
171402 38 91733 1012208 173860 0.8857142857142857
171384 46 111045 1414798 173812 0.9428571428571428
171340 43 103803 1263281 173747 0.9857142857142858
171252 48 115873 1309511 173744 1
171393 43 103803 1136289 173635 1
171286 57 137599 1588368 173745 0.9428571428571428
171421 43 103803 1190136 173527 1
171334 37 89319 966620 173623 0.9714285714285714
171438 42 101389 1107000 173885 0.9571428571428572
171224 54 130357 1527537 173647 1
171347 44 106217 1207802 173803 1
171528 34 82077 917587 173903 0.9714285714285714
171346 43 103803 1165095 173781 0.9857142857142858
171293 44 106217 1223255 173632 0.9428571428571428
171277 43 103803 1118138 173830 0.9571428571428572
171463 47 113459 1270022 173513 0.9714285714285714
171394 41 98975 1140233 173776 1
171339 46 111045 1237667 173555 0.9571428571428572
171490 36 86905 961505 173503 0.9857142857142858
171403 42 101389 1172749 173479 1
171554 41 98975 1150055 174487 1
171371 43 103803 1115515 173939 1
171385 44 106217 1131394 173961 0.9285714285714286
171388 39 94147 1029947 173948 0.9571428571428572
171393 48 115873 1328361 173856 0.9714285714285714
171433 41 98975 1070960 173873 1
171294 43 103803 1104848 173464 1
171532 34 82077 928311 173880 0.9857142857142858
171414 39 94147 1023598 173840 0.9714285714285714
171400 46 111045 1203284 174017 0.9857142857142858
171390 42 101389 1128851 173756 0.9714285714285714
171487 40 96561 1181690 173698 0.9857142857142858
171438 44 106217 1496029 173839 1
171369 37 89319 966652 173883 0.9571428571428572
171377 42 101389 1159737 173677 1
171414 43 103803 1195064 173579 1
171430 35 84491 894570 174089 0.9857142857142858
171455 42 101389 1086975 173557 0.9571428571428572
171295 44 106217 1143965 173397 0.9857142857142858
171285 51 123115 1370256 173771 0.9857142857142858
171478 42 101389 1189569 173834 1
171316 50 120701 1344008 173667 0.9857142857142858
171502 35 84491 955005 173600 1
171551 41 98975 1084300 173707 0.9714285714285714
171443 42 101389 1301039 174027 0.9428571428571428
171429 36 86905 1060176 173907 0.9857142857142858
171381 42 101389 1703600 173664 0.9857142857142858
171497 37 89319 1057224 173742 0.9857142857142858
171398 44 106217 1206545 173822 0.9571428571428572
171137 64 154497 1720648 173827 0.9857142857142858
171387 39 94147 1035989 173715 0.9857142857142858
171276 44 106217 1309324 173489 0.9714285714285714
171436 41 98975 1100430 173775 0.9857142857142858
171282 49 118287 1286642 173588 0.9571428571428572
171351 49 118287 1286341 173719 1
171340 42 101389 1100234 173892 1
171440 36 86905 964554 173758 0.9857142857142858
171410 37 89319 970091 173706 1
171341 42 101389 1207166 174080 0.9428571428571428
171355 39 94147 1024726 173947 0.9142857142857143
171288 49 118287 1288016 173720 1
171468 40 96561 1043343 173876 0.9857142857142858
171487 33 79663 880972 173629 0.9428571428571428
171244 55 132771 1480257 174032 0.9857142857142858
171306 43 103803 1175815 173611 0.9857142857142858
171345 46 111045 1239007 173703 0.9571428571428572
171364 45 108631 1204007 173509 1
171370 44 106217 1170248 173458 0.9714285714285714
171342 42 101389 1171365 173487 0.9857142857142858
171448 36 86905 1030776 173786 0.9857142857142858
171416 47 113459 1335533 173647 1
171434 45 108631 1205663 173711 0.9857142857142858
171362 43 103803 1136505 173589 1
171323 38 91733 1024721 173754 0.9285714285714286
171364 45 108631 1271799 173573 0.9714285714285714
171411 40 96561 1067722 174173 0.9857142857142858
171276 51 123115 1369639 173617 1
171373 49 118287 1294749 173988 1
171198 56 135185 1467779 173904 0.9857142857142858
171466 41 98975 1171021 173589 0.9714285714285714
171319 42 101389 1221529 173824 0.9857142857142858
171515 36 86905 990739 173853 1
171373 47 113459 1276016 173788 1
171425 41 98975 1137265 173616 0.9714285714285714
171361 44 106217 1260479 173755 0.9857142857142858
171272 54 130357 1426130 174047 1
171341 40 96561 1038604 173796 0.9857142857142858
171444 41 98975 1121336 173816 0.9714285714285714
171340 54 130357 1461449 173855 0.9714285714285714
171510 42 101389 1129112 173890 1
171333 54 130357 1433940 173807 1
171294 44 106217 1188313 174100 0.9714285714285714
171354 43 103803 1176883 173942 0.9428571428571428
171283 47 113459 1336068 173811 1
171306 48 115873 1284648 173718 1
171361 44 106217 1154555 173712 0.9857142857142858
171425 40 96561 1302459 173594 1
171377 37 89319 972829 173991 0.9857142857142858
171434 44 106217 1161195 173645 1
171400 34 82077 901886 173669 1
171343 45 108631 1194565 173632 0.9714285714285714
171540 34 82077 901074 173792 1
171345 43 103803 1159815 173758 1
171396 46 111045 1222076 173685 0.9714285714285714
171391 46 111045 1214082 173826 0.9714285714285714
171489 32 77249 842471 173877 0.9571428571428572
171340 49 118287 1286838 173769 0.9571428571428572
171313 51 123115 1351344 173764 0.9571428571428572
171467 39 94147 1015281 173888 1
171376 45 108631 1207897 173586 0.9857142857142858
171370 39 94147 1021531 173635 0.9857142857142858
171426 44 106217 1161572 173921 0.9857142857142858
171392 37 89319 1135737 173617 1
171272 50 120701 1393034 174164 0.9714285714285714
171350 57 137599 1565811 173954 0.9857142857142858
171444 36 86905 987131 173778 1
171511 34 82077 956383 173623 1
171479 33 79663 1056747 173771 0.9857142857142858
171280 55 132771 1548662 173598 0.9857142857142858
171342 44 106217 1212074 174147 0.9714285714285714
171191 46 111045 1268663 173681 1
171499 37 89319 976811 173791 0.9714285714285714
171291 46 111045 1250341 173990 1
171217 46 111045 1231046 173559 1
171295 45 108631 1202123 174076 0.9857142857142858
171421 39 94147 1036773 173753 1
171373 38 91733 1007832 173835 1
171241 45 108631 1186002 173894 1
171437 37 89319 967748 173634 0.9857142857142858
171324 46 111045 1192483 173857 1
171366 41 98975 1086855 173568 0.9714285714285714
171146 50 120701 1321821 173702 0.9857142857142858
171268 47 113459 1233468 173539 0.9571428571428572
171355 41 98975 1082020 173866 0.9857142857142858
171448 47 113459 1267271 173789 1
171380 45 108631 1197656 173647 1
171493 43 103803 1120695 174069 1
171447 46 111045 1211741 173562 0.9571428571428572
171481 40 96561 1052609 173552 1
171393 40 96561 1044264 173834 0.9428571428571428
171297 50 120701 1314521 173832 0.9857142857142858
171339 47 113459 1234951 173770 0.9571428571428572
171326 36 86905 1050239 173806 0.9857142857142858
171417 44 106217 1251402 173698 0.9857142857142858
171384 48 115873 1283238 173891 1
171341 49 118287 1315440 173934 1
171323 48 115873 1312227 173828 0.9857142857142858
171401 43 103803 1168105 173599 1
171462 33 79663 875926 173861 0.9714285714285714
171365 49 118287 1291449 173924 0.9857142857142858
