108284 42 74299 564951 110158 0.9666666666666667
108463 31 54840 426370 110098 0.9666666666666667
108359 45 79606 569561 110148 0.9666666666666667
108435 32 56609 402128 110070 1
108429 35 61916 449932 110183 1
108546 33 58378 413400 110076 0.9333333333333333
108297 40 70761 498070 110075 0.9833333333333333
108331 45 79606 546173 109900 1
108456 38 67223 474332 110148 1
108509 29 51302 405371 109761 0.9833333333333333
108460 33 58378 438415 109868 0.9666666666666667
108426 39 68992 512428 110058 1
108332 36 63685 438573 110207 0.9666666666666667
108376 42 74299 533594 110115 1
108381 36 63685 456588 110034 1
108361 30 53071 381622 109993 0.9833333333333333
108417 35 61916 460989 109945 0.9666666666666667
108513 34 60147 427517 110128 0.9666666666666667
108496 27 47764 348719 110342 1
108328 34 60147 434492 110172 0.9666666666666667
108441 33 58378 410169 110129 1
108459 36 63685 450991 110210 1
108323 44 77837 548493 110045 0.9833333333333333
108439 29 51302 368785 109974 0.9833333333333333
108400 31 54840 385355 109935 0.9833333333333333
108358 43 76068 536655 110000 0.95
108433 39 68992 507001 109905 1
108362 35 61916 432948 110154 0.9833333333333333
108440 32 56609 407038 109967 1
108311 38 67223 464573 109831 0.9833333333333333
108478 30 53071 388287 110140 1
108500 35 61916 468703 109938 1
108465 32 56609 418078 110103 1
108390 38 67223 491022 110364 1
108386 42 74299 580627 110095 0.9833333333333333
108458 35 61916 515063 110250 1
108507 30 53071 454717 110250 0.9833333333333333
108475 38 67223 556470 110000 1
108450 32 56609 462276 110165 0.9666666666666667
108366 41 72530 533698 110243 1
108413 29 51302 360411 110324 0.95
108307 46 81375 644735 110087 0.9833333333333333
108419 39 68992 487164 110113 0.9833333333333333
108284 39 68992 483692 110337 0.95
108496 30 53071 428100 110139 1
108442 34 60147 531285 110127 0.9333333333333333
108451 30 53071 409916 110216 0.9666666666666667
108370 29 51302 359111 110138 0.9666666666666667
108382 36 63685 439572 110069 0.9833333333333333
108404 40 70761 519613 110390 0.9833333333333333
108401 30 53071 387693 109948 0.9333333333333333
108422 33 58378 416854 110031 0.9333333333333333
108384 46 81375 572928 110099 0.9166666666666666
108375 38 67223 471322 110025 0.9666666666666667
108319 43 76068 572358 110246 0.9833333333333333
108430 34 60147 453372 110231 0.9833333333333333
108449 34 60147 421936 110043 1
108489 28 49533 354199 110204 0.9833333333333333
108327 35 61916 450443 109991 0.9666666666666667
108415 37 65454 464584 110147 0.95
108561 32 56609 410935 110042 1
108351 37 65454 469462 109960 0.95
108321 38 67223 481814 110038 0.9833333333333333
108326 35 61916 427602 109801 0.9833333333333333
108387 42 74299 527492 109943 0.9166666666666666
108455 36 63685 454752 110229 1
108428 34 60147 430499 110095 0.9833333333333333
108385 33 58378 415136 110172 0.9833333333333333
108304 36 63685 454161 109994 0.9666666666666667
108457 34 60147 437937 110098 0.9666666666666667
108415 34 60147 416650 109834 0.9166666666666666
108312 44 77837 549300 110010 0.95
108412 33 58378 412920 110149 1
108469 31 54840 390177 110156 0.9666666666666667
108350 34 60147 423993 110185 0.9666666666666667
108377 35 61916 460107 109928 0.9833333333333333
108330 35 61916 458326 110032 0.9333333333333333
108373 35 61916 442436 109985 0.9833333333333333
108549 22 38919 284958 110127 1
108402 36 63685 469278 110101 1
108459 29 51302 357418 109967 1
108444 33 58378 409731 110215 1
108388 32 56609 404129 109954 1
108387 32 56609 388801 109926 1
108460 33 58378 420469 110281 0.9833333333333333
108265 38 67223 492637 110170 1
108381 41 72530 538567 110265 0.95
108514 27 47764 349226 110128 0.9666666666666667
108330 36 63685 451997 110153 0.9666666666666667
108423 34 60147 441005 110176 0.9833333333333333
108354 37 65454 474692 109891 0.9833333333333333
108342 35 61916 450931 110302 0.9833333333333333
108318 46 81375 573589 110164 0.95
108407 35 61916 434183 109869 0.95
108395 43 76068 534533 110101 1
108434 34 60147 439637 110195 0.9833333333333333
108462 34 60147 416321 110129 0.9666666666666667
108422 33 58378 405519 110014 1
108484 31 54840 385071 110167 0.9666666666666667
108384 32 56609 404359 110450 1
108409 42 74299 515100 110101 0.9833333333333333
108451 30 53071 381030 110354 0.95
108263 55 97296 690463 110140 0.9166666666666666
108528 27 47764 354895 110174 0.95
108327 42 74299 548554 110100 1
108473 30 53071 376191 110254 1
108476 31 54840 401487 110216 0.9833333333333333
108406 33 58378 418229 110075 1
108394 41 72530 519833 110151 1
108398 31 54840 398301 110360 0.9666666666666667
108416 36 63685 456875 110286 0.95
108386 40 70761 491922 110385 1
108365 32 56609 395754 110024 0.9833333333333333
108538 28 49533 351103 110048 1
108488 34 60147 424076 110279 0.9833333333333333
108305 34 60147 420535 110101 1
108398 38 67223 477688 110145 0.9166666666666666
108487 34 60147 432995 110051 0.9833333333333333
108477 32 56609 400313 110144 1
108423 29 51302 362432 110288 0.9833333333333333
108360 35 61916 430480 110260 0.9833333333333333
108307 44 77837 552658 110389 1
108346 39 68992 469556 110261 0.9833333333333333
108440 33 58378 418703 110016 0.9833333333333333
108333 50 88451 628349 110283 1
108355 42 74299 527380 110236 1
108386 34 60147 430896 110137 0.9833333333333333
108365 39 68992 485925 109878 1
108425 38 67223 476625 110040 1
108461 26 45995 321265 109952 1
108334 41 72530 513603 110121 0.9833333333333333
108464 36 63685 439989 110015 0.95
108428 38 67223 469091 110053 0.9166666666666666
108278 39 68992 487446 110223 1
108335 35 61916 430883 109946 0.9833333333333333
108414 41 72530 508913 110288 0.9666666666666667
108457 31 54840 381322 110067 1
108387 41 72530 509017 110193 0.9833333333333333
108422 28 49533 359880 109953 1
108394 34 60147 440573 110083 0.9333333333333333
108379 41 72530 524674 110003 0.9833333333333333
108383 38 67223 489552 110097 0.9666666666666667
108459 31 54840 388173 109979 1
108352 45 79606 561171 109989 0.9666666666666667
108392 40 70761 491532 110147 0.9833333333333333
108302 43 76068 522740 109997 0.9833333333333333
108466 33 58378 415601 110240 1
108397 39 68992 493210 110205 1
108371 34 60147 417685 110053 0.9833333333333333
108353 34 60147 419457 110163 1
108287 43 76068 541237 110051 0.9666666666666667
108462 35 61916 438095 110299 0.9666666666666667
108525 35 61916 434411 110202 0.9833333333333333
108454 34 60147 416263 110094 1
108468 36 63685 452446 110039 0.9
108305 44 77837 544634 110100 0.9166666666666666
108430 27 47764 346527 110123 1
108323 39 68992 592129 110239 0.9833333333333333
108498 40 70761 513098 110324 1
108333 41 72530 510811 110164 1
108483 35 61916 435912 110195 1
108473 28 49533 349659 110028 0.9666666666666667
108345 38 67223 479319 110116 0.95
108414 31 54840 396567 109752 1
108347 31 54840 375716 110224 0.9833333333333333
108326 37 65454 461240 109965 1
108449 28 49533 364990 110074 1
108423 34 60147 430091 110116 0.9666666666666667
108361 36 63685 442809 110085 1
108305 35 61916 429475 109923 0.8833333333333333
108475 28 49533 337842 110058 1
108456 38 67223 509769 110205 1
108422 31 54840 381550 110207 0.9833333333333333
108420 36 63685 453410 109992 1
108252 48 84913 618972 110028 1
108396 37 65454 462559 109968 1
108421 30 53071 364383 110152 0.9666666666666667
108418 36 63685 477601 110313 1
108258 40 70761 531013 109813 0.9833333333333333
108420 31 54840 387532 110007 0.9833333333333333
108316 44 77837 560146 110228 1
108313 38 67223 485939 110190 1
108451 33 58378 410410 109924 0.9666666666666667
108460 34 60147 422993 110090 0.9166666666666666
108398 34 60147 421033 110288 0.9666666666666667
108432 51 90220 665794 110153 0.9666666666666667
108410 33 58378 419919 110283 1
108322 44 77837 607193 110257 1
108338 34 60147 474462 110034 0.9166666666666666
108258 34 60147 479997 109830 0.9666666666666667
108307 42 74299 580313 110166 0.9666666666666667
108410 38 67223 529551 110485 0.9833333333333333
108331 33 58378 447724 110212 1
108390 29 51302 387652 109930 0.9833333333333333
108394 35 61916 480871 110068 1
108423 29 51302 389058 110041 0.9166666666666666
108326 36 63685 476019 110156 0.9333333333333333
108399 44 77837 579813 110080 0.9666666666666667
108469 38 67223 519333 110299 0.9833333333333333
108391 36 63685 477143 110041 0.9666666666666667
108430 36 63685 475780 110093 1
108262 52 91989 696516 110296 0.9666666666666667
108435 35 61916 473218 110088 1
108453 30 53071 436311 110043 1
108423 33 58378 453740 110104 0.9833333333333333
108361 37 65454 523334 110009 0.9833333333333333
108349 31 54840 424086 109976 0.95
108404 30 53071 409981 109932 0.9833333333333333
108359 45 79606 617275 110063 1
108559 29 51302 400730 109960 0.95
108544 29 51302 402295 110247 1
108392 33 58378 450574 110185 1
108327 41 72530 550986 110196 1
108400 38 67223 508960 110115 0.9833333333333333
108391 40 70761 543440 109934 1
108335 35 61916 520855 110033 0.9833333333333333
108486 30 53071 426925 110102 0.9333333333333333
108326 34 60147 473121 109948 1
108460 32 56609 477931 110180 1
108385 37 65454 505598 110177 0.95
108397 38 67223 540939 110259 0.9833333333333333
108407 35 61916 476091 110164 0.9666666666666667
108486 31 54840 425150 110079 1
108406 31 54840 424132 110150 1
108315 44 77837 598200 110054 1
108448 28 49533 380265 110183 0.9666666666666667
108387 38 67223 548179 110021 1
108357 36 63685 557824 109959 0.9833333333333333
108436 33 58378 494626 110051 0.9833333333333333
108364 38 67223 514491 110216 1
108333 43 76068 577052 110310 1
108378 31 54840 425840 110094 0.9833333333333333
108325 34 60147 471220 110007 0.9166666666666666
108436 34 60147 483540 110098 0.9333333333333333
108363 30 53071 404354 110010 1
108493 34 60147 454971 109973 1
108417 30 53071 391549 110023 0.9666666666666667
108343 39 68992 546424 109919 0.9833333333333333
108482 29 51302 389266 110028 0.95
108359 37 65454 518954 110094 0.9666666666666667
108431 35 61916 477100 110004 1
108305 41 72530 570917 110157 0.9833333333333333
108322 46 81375 630346 110106 0.9833333333333333
108521 26 45995 354788 110037 0.9666666666666667
108359 33 58378 452399 110064 0.9666666666666667
108423 40 70761 556018 110111 0.9666666666666667
108343 40 70761 547874 110252 1
108526 25 44226 336815 110015 1
108313 40 70761 541598 110072 1
108397 42 74299 572087 110160 0.9833333333333333
108435 35 61916 472951 110168 0.9833333333333333
108421 35 61916 479671 109906 0.95
108364 41 72530 557397 110287 0.9666666666666667
108378 39 68992 531667 110384 0.9666666666666667
108348 43 76068 596974 110311 0.9833333333333333
108398 33 58378 448792 109719 1
108521 29 51302 397743 110087 0.9833333333333333
108392 37 65454 502156 110072 0.9666666666666667
108399 31 54840 425437 110256 0.9666666666666667
108459 39 68992 527773 110059 1
108411 36 63685 488184 110134 0.9833333333333333
108407 34 60147 468620 110022 0.9833333333333333
108369 36 63685 490721 110089 1
108385 37 65454 500419 109982 1
108307 39 68992 528959 110026 0.9666666666666667
108488 33 58378 448434 109947 1
108437 31 54840 425635 110118 0.9666666666666667
108429 31 54840 420134 110001 0.9666666666666667
108432 35 61916 468972 110124 0.9666666666666667
108338 31 54840 435100 110032 1
108343 51 90220 683494 110033 0.9833333333333333
108393 36 63685 480734 109941 1
108296 37 65454 488457 110232 0.95
108389 39 68992 533703 109920 1
108415 40 70761 546965 109803 0.9833333333333333
108490 32 56609 448443 110218 0.95
108256 46 81375 639122 110212 0.9666666666666667
108366 40 70761 536460 110216 0.9666666666666667
108405 38 67223 536653 110215 0.9666666666666667
108396 35 61916 475372 109928 0.9833333333333333
108313 39 68992 532315 109980 1
108432 28 49533 377980 109959 1
108430 40 70761 537106 110171 0.9666666666666667
108401 34 60147 461835 110153 1
108522 33 58378 446352 110046 1
108326 36 63685 504681 110125 1
108476 31 54840 427719 110128 1
108244 49 86682 663198 109941 0.9833333333333333
108266 40 70761 539180 110098 1
108283 51 90220 700572 110146 1
108381 41 72530 555327 109907 1
108462 31 54840 425462 110135 0.9666666666666667
108459 33 58378 443603 110158 0.9833333333333333
108301 37 65454 507411 110443 0.9666666666666667
108389 34 60147 460480 109833 0.9833333333333333
108409 39 68992 524908 110048 1
108413 31 54840 420742 110162 0.9
108469 37 65454 516006 110052 0.9833333333333333
108421 35 61916 474719 110112 1
108442 43 76068 598935 110420 0.9833333333333333
