1 0 0.020000000000000018 0.040000000000000036 0.040000000000000036 0 0.040000000000000036 0.020000000000000018 0.040000000000000036 0.06000000000000005 
0 1 0.07999999999999996 0 0.020000000000000018 0.06000000000000005 0 0 0.040000000000000036 0.020000000000000018 
0.020000000000000018 0.07999999999999996 1 0.020000000000000018 0 0 0.020000000000000018 0.020000000000000018 0.020000000000000018 0.020000000000000018 
0.040000000000000036 0 0.020000000000000018 1 0.040000000000000036 0.040000000000000036 0.040000000000000036 0.040000000000000036 0 0.020000000000000018 
0.040000000000000036 0.020000000000000018 0 0.040000000000000036 1 0.09999999999999998 0 0.040000000000000036 0.06000000000000005 0 
0 0.06000000000000005 0 0.040000000000000036 0.09999999999999998 1 0.040000000000000036 0 0.020000000000000018 0 
0.040000000000000036 0 0.020000000000000018 0.040000000000000036 0 0.040000000000000036 1 0.06000000000000005 0 0.040000000000000036 
0.020000000000000018 0 0.020000000000000018 0.040000000000000036 0.040000000000000036 0 0.06000000000000005 1 0.020000000000000018 0.06000000000000005 
0.040000000000000036 0.040000000000000036 0.020000000000000018 0 0.06000000000000005 0.020000000000000018 0 0.020000000000000018 1 0 
0.06000000000000005 0.020000000000000018 0.020000000000000018 0.020000000000000018 0 0 0.040000000000000036 0.06000000000000005 0 1 
