1 0 0 0 0.02857142857142858 0.014285714285714235 0 0.014285714285714235 0.014285714285714235 0.05714285714285716 
0 1 0.014285714285714235 0.014285714285714235 0.02857142857142858 0.014285714285714235 0.02857142857142858 0 0.014285714285714235 0 
0 0.014285714285714235 1 0 0 0.014285714285714235 0.014285714285714235 0 0 0.014285714285714235 
0 0.014285714285714235 0 1 0 0 0.02857142857142858 0 0.014285714285714235 0 
0.02857142857142858 0.02857142857142858 0 0 1 0.014285714285714235 0.014285714285714235 0 0.02857142857142858 0 
0.014285714285714235 0.014285714285714235 0.014285714285714235 0 0.014285714285714235 1 0 0.014285714285714235 0.02857142857142858 0.02857142857142858 
0 0.02857142857142858 0.014285714285714235 0.02857142857142858 0.014285714285714235 0 1 0.042857142857142816 0 0 
0.014285714285714235 0 0 0 0 0.014285714285714235 0.042857142857142816 1 0 0.014285714285714235 
0.014285714285714235 0.014285714285714235 0 0.014285714285714235 0.02857142857142858 0.02857142857142858 0 0 1 0 
0.05714285714285716 0 0.014285714285714235 0 0 0.02857142857142858 0 0.014285714285714235 0 1 
