118060 121 484485 9615385 135016 0.9555555555555556
117914 98 392393 7651834 136428 0.8777777777777778
118210 108 432433 8967192 137226 0.9666666666666667
117172 111 444445 8996391 135280 1
118526 103 412413 8230273 137920 0.9777777777777777
118412 120 480481 9757286 138146 0.9777777777777777
118558 103 412413 8509709 137792 0.9777777777777777
117050 151 604605 12247112 136012 0.9222222222222223
117694 112 448449 8555666 136752 0.9666666666666667
117986 98 392393 8182964 138472 0.9777777777777777
