253882 39 30382 93952 348898 0.9
245972 42 32719 97806 334460 0.85
253944 34 26487 79264 322154 0.975
250324 36 28045 88548 346084 0.95
247678 41 31940 97823 313158 0.925
251594 32 24929 83798 340808 0.85
249670 39 30382 100961 338848 0.975
251824 35 27266 81512 346920 1
246790 37 28824 92816 353550 0.975
251966 33 25708 82366 329376 0.9
257940 25 19476 68270 341470 0.925
255354 35 27266 82176 347848 1
252390 34 26487 81817 337932 0.975
255448 39 30382 93911 343878 0.925
250152 43 33498 104596 348708 1
250348 32 24929 76542 344656 0.875
251842 45 35056 112766 341744 0.95
250584 46 35835 110045 344202 0.875
248842 42 32719 103349 358514 1
252082 29 22592 73300 337542 1
249048 43 33498 104208 358900 1
250232 47 36614 114266 356366 0.975
248952 35 27266 86054 332666 0.9
250108 34 26487 84118 331820 1
255072 27 21034 63889 329000 0.975
253266 31 24150 85950 338956 0.95
248496 38 29603 96077 341742 0.95
256648 26 20255 65478 359212 1
256674 34 26487 80341 357794 1
249116 34 26487 79803 352860 0.925
253904 36 28045 87572 329916 1
249448 32 24929 74961 343466 0.925
248114 37 28824 90953 335980 0.95
248108 33 25708 80664 338120 0.925
256248 29 22592 68774 320822 1
255136 29 22592 73867 349086 0.925
248974 30 23371 81819 349986 0.95
249122 30 23371 71364 345588 1
253780 37 28824 97058 339052 0.95
248968 39 30382 101479 335612 0.925
254014 32 24929 83263 333202 1
250292 37 28824 90864 324040 0.925
250738 38 29603 100434 357100 0.975
262002 26 20255 66745 339182 0.925
253330 26 20255 78360 332722 1
256222 22 17139 52249 343946 1
248580 35 27266 87132 349414 0.95
253708 27 21034 65948 338036 0.925
255500 36 28045 97846 335962 0.95
251014 35 27266 83846 333542 0.975
254618 34 26487 80367 345702 0.95
249754 41 31940 102975 330596 1
253748 36 28045 93894 341882 1
248588 40 31161 92263 347376 1
256870 27 21034 62964 340434 0.975
255318 26 20255 62442 335544 1
259520 26 20255 60919 326376 1
255936 39 30382 90804 338594 1
246914 37 28824 99639 345304 0.875
248212 34 26487 89570 335802 1
250680 38 29603 101481 350704 1
252542 30 23371 76816 331226 0.9
254750 32 24929 75458 337644 1
248016 33 25708 84303 338594 0.925
252036 30 23371 71877 339206 0.95
251452 34 26487 79995 351904 0.875
248678 50 38951 123054 343554 0.975
251712 39 30382 93064 330096 0.975
254546 35 27266 83620 357622 0.9
251298 38 29603 88699 345950 0.975
254340 29 22592 70282 352430 0.975
251176 30 23371 70740 333598 0.95
249646 32 24929 80857 335210 0.975
254494 36 28045 89286 355830 1
251488 36 28045 89107 345898 1
253242 33 25708 77005 341938 0.9
248896 32 24929 80720 331670 0.95
251298 34 26487 80086 346136 1
249968 32 24929 75281 344396 0.975
252672 32 24929 86969 350726 0.95
257236 35 27266 83197 344980 0.75
247420 41 31940 96407 340430 0.95
249858 47 36614 115468 344842 0.975
251762 29 22592 72097 346042 0.875
253168 32 24929 75496 335582 1
252678 30 23371 70766 331016 0.975
247104 41 31940 107095 331686 0.925
248176 33 25708 78054 337488 0.925
245582 45 35056 107367 345650 0.975
250672 36 28045 96501 338724 0.975
252262 36 28045 102619 340844 0.925
245290 42 32719 102061 336352 0.95
249548 36 28045 90023 320296 1
248274 48 37393 122667 341926 0.925
248686 42 32719 106481 349546 0.95
251710 34 26487 102020 355892 0.95
253544 34 26487 85622 335932 0.975
254162 35 27266 88842 338460 1
253002 33 25708 81336 354138 1
249262 37 28824 92805 354612 0.95
249724 36 28045 89814 333064 0.975
254812 31 24150 75874 340676 0.925
253008 27 21034 65395 345588 1
255018 38 29603 92045 342916 1
247702 42 32719 122532 349856 0.925
255008 30 23371 72508 329974 0.975
246930 43 33498 103466 334606 0.9
248658 29 22592 74308 311782 0.95
252534 39 30382 95056 357954 0.9
252486 34 26487 84628 332640 0.95
249608 31 24150 87981 341976 1
248166 30 23371 81200 343336 0.875
249986 36 28045 84116 354876 0.95
250226 41 31940 100045 342628 1
249008 45 35056 106688 352734 0.975
254422 32 24929 75990 343818 0.9
248738 41 31940 100343 334424 1
251076 34 26487 80112 320896 0.925
251280 30 23371 72807 354476 1
253010 33 25708 82898 355824 0.875
254480 36 28045 88868 346440 0.95
254772 26 20255 64805 340430 0.975
253834 35 27266 83319 356562 0.95
251372 30 23371 72312 322104 1
251206 38 29603 90875 350360 0.975
254684 28 21813 64708 353468 0.925
255882 26 20255 61416 328844 1
251672 37 28824 91819 333896 0.975
257550 36 28045 103578 351334 1
249518 31 24150 80238 339682 0.9
253044 33 25708 79516 348820 0.975
251430 41 31940 102173 345420 0.975
249692 40 31161 94002 327384 0.975
258784 23 17918 58109 347180 1
252138 32 24929 76466 345438 0.975
252298 34 26487 79574 338692 0.925
250866 29 22592 77943 339698 0.825
251818 32 24929 79216 343696 0.975
250856 33 25708 76482 339592 0.95
253544 32 24929 82992 340720 0.9
255360 26 20255 67064 349462 1
248026 36 28045 89055 342168 0.875
251322 33 25708 76894 335140 0.9
249024 34 26487 78552 334354 0.925
247668 35 27266 81817 303146 0.975
251036 37 28824 97788 338872 0.975
253712 40 31161 94014 331012 0.975
253590 33 25708 76294 352312 0.925
251998 33 25708 76915 337094 1
253686 37 28824 85730 351182 0.925
252720 26 20255 61763 329562 0.875
247728 43 33498 99994 345088 0.9
254550 36 28045 91213 323478 1
250036 35 27266 80749 349200 0.975
249528 37 28824 89036 338046 0.8
250982 34 26487 85827 354882 0.975
252836 30 23371 75747 339338 0.95
252132 36 28045 83084 345538 0.95
248316 38 29603 90343 331766 1
251584 40 31161 108921 338096 0.85
250902 39 30382 93495 349976 0.975
250676 40 31161 101296 352370 0.925
247332 34 26487 89523 338838 0.9
253008 28 21813 84839 332308 0.925
254216 28 21813 65269 340212 0.925
255980 28 21813 66579 361372 0.95
251928 29 22592 75999 333674 1
246890 36 28045 87663 329414 0.975
255894 26 20255 63159 350626 0.95
247456 44 34277 105891 343122 0.975
246520 31 24150 82818 335106 1
245956 43 33498 101011 335060 0.875
255184 37 28824 94002 349644 0.975
251982 31 24150 78932 352270 1
251656 46 35835 108289 357618 0.95
248424 35 27266 82852 325932 0.85
244692 39 30382 91062 347802 1
250588 35 27266 80965 331736 0.975
251456 35 27266 94717 356000 0.95
253538 28 21813 73555 342886 0.975
249682 38 29603 97568 340830 0.9
246890 37 28824 91201 342444 1
251470 33 25708 80164 349050 0.925
252804 32 24929 76639 358846 0.925
252238 33 25708 104838 349970 0.9
249970 45 35056 118028 349788 0.975
252180 36 28045 90838 335240 1
254324 30 23371 71009 354894 1
244278 39 30382 97397 342428 0.95
248158 32 24929 83805 347620 0.95
256222 28 21813 66683 345396 0.95
251590 26 20255 63415 355286 1
251738 39 30382 99750 349912 0.975
252424 37 28824 95793 337858 0.975
253910 30 23371 73716 330136 0.95
249422 42 32719 108561 356500 0.975
254378 31 24150 73803 329808 0.9
249944 33 25708 77281 324482 0.975
253508 28 21813 70195 338448 0.975
254866 35 27266 86041 334272 0.95
253396 26 20255 66818 326538 0.875
248682 36 28045 89078 328380 0.975
255654 23 17918 61639 324882 0.95
252366 30 23371 71842 346644 1
253026 29 22592 69474 339432 0.975
259156 28 21813 77460 343048 0.9
249290 37 28824 93202 333160 0.975
252424 35 27266 99241 333486 1
248602 52 40509 126524 335934 0.975
257238 28 21813 67951 330066 0.9
252688 29 22592 83021 342656 0.95
250096 43 33498 105254 359336 0.9
249986 30 23371 72423 338110 0.875
249118 41 31940 103980 334522 0.875
252964 37 28824 105199 354518 0.95
249874 34 26487 87637 326232 0.925
251240 49 38172 121319 347936 0.9
251282 49 38172 124091 337438 0.95
250498 45 35056 119300 343300 0.95
254732 39 30382 101204 327702 1
252450 31 24150 75921 331058 1
253256 37 28824 99330 347260 0.925
249970 36 28045 121929 339176 0.975
252392 36 28045 93734 334312 0.95
251504 32 24929 78110 338632 1
258308 30 23371 78153 335852 1
251398 25 19476 62633 326446 0.95
252780 29 22592 69593 323682 0.95
243808 31 24150 77683 349346 0.975
251246 31 24150 72069 329470 0.975
256826 29 22592 72490 352926 0.975
251624 34 26487 79270 347420 0.975
248716 31 24150 72837 353978 0.8
246360 36 28045 85432 348296 0.9
251370 34 26487 79588 348576 0.95
252376 30 23371 73108 340462 1
244942 32 24929 100542 355166 0.85
252190 36 28045 85475 343338 1
246440 33 25708 77976 341662 0.975
251512 33 25708 78714 335668 0.975
252056 28 21813 76693 335900 0.975
251212 32 24929 77000 343404 0.9
252602 34 26487 84403 339044 0.975
245408 42 32719 100868 337368 1
252600 32 24929 79470 342724 0.925
249272 36 28045 118989 340648 0.975
247586 39 30382 98663 340096 0.875
249914 42 32719 99709 359132 0.925
246860 36 28045 93052 334544 0.925
249880 36 28045 86128 342398 0.95
249680 37 28824 101923 360586 0.95
252480 45 35056 112580 337658 0.975
254868 32 24929 85631 347646 0.975
247114 41 31940 106571 354682 0.925
256506 28 21813 66417 355572 0.975
249208 34 26487 81844 330874 0.925
251356 39 30382 91543 342448 0.925
251020 39 30382 91886 346220 0.975
256570 32 24929 76029 340870 0.925
246666 46 35835 108820 341266 0.975
252820 30 23371 70958 323334 1
247190 46 35835 111299 349926 0.975
254670 31 24150 72502 349206 0.95
254824 41 31940 98112 353004 1
251568 32 24929 75258 344524 0.975
252854 34 26487 88820 350292 0.95
253590 35 27266 83041 348420 1
248388 28 21813 70357 357822 0.925
250144 39 30382 92787 354214 0.85
251264 40 31161 98486 350662 1
252916 41 31940 102731 359896 0.95
252278 40 31161 100941 342114 0.975
249410 35 27266 85366 349240 0.9
255896 23 17918 56105 327174 0.925
254778 31 24150 76734 320136 0.95
252496 37 28824 99117 327380 0.9
249192 42 32719 105424 327144 0.875
253146 31 24150 73125 332254 0.95
257232 31 24150 79026 341450 1
249218 34 26487 82143 356814 0.975
253504 35 27266 83669 347944 0.925
249902 39 30382 97132 349358 0.875
249496 36 28045 87633 336396 0.975
249606 34 26487 92087 348208 1
254972 33 25708 78333 328886 1
254844 35 27266 93491 342450 0.9
251974 32 24929 76605 331604 1
252878 38 29603 91977 328114 0.9
256264 25 19476 62312 344670 0.925
248028 37 28824 92292 340096 0.875
245682 43 33498 102081 339872 0.95
251312 38 29603 94211 336238 1
251904 35 27266 92603 347064 0.975
247590 37 28824 87488 339208 1
248366 47 36614 113039 337162 0.95
250948 31 24150 78951 345644 0.95
251452 39 30382 99467 327826 1
251456 35 27266 81542 325490 1
249858 39 30382 91708 337386 1
246810 41 31940 96713 347266 0.975
