50228 48 58753 281633 54482 1
50134 38 46513 220516 54164 0.88
49456 79 96697 489909 55460 0.98
49260 56 68545 346399 56524 0.96
49910 42 51409 285168 55618 0.9
49956 40 48961 240691 55066 0.98
49712 58 70993 343217 54922 0.96
49434 47 57529 278447 55652 0.94
49204 51 62425 306967 55918 0.98
49432 49 59977 287846 54986 1
49912 56 68545 357021 55330 0.84
49860 46 56305 273096 54582 0.9
49414 47 57529 284085 55858 1
49544 51 62425 318092 56308 0.96
49264 50 61201 308761 55536 0.94
49842 51 62425 335788 55420 0.98
49926 48 58753 294975 56088 0.98
49662 68 83233 463249 55286 0.92
49586 44 53857 262341 55688 0.94
49650 55 67321 326468 55168 0.94
49614 53 64873 369710 54336 1
49780 45 55081 266339 56132 0.98
49370 55 67321 331083 56000 1
49490 74 90577 484147 55622 0.9
50198 41 50185 261080 55808 0.98
50094 48 58753 284339 55854 0.96
49648 67 82009 420338 56136 0.98
49398 46 56305 287280 55776 1
49732 55 67321 338338 55584 0.92
49388 51 62425 336447 55812 1
49890 51 62425 349746 55376 1
49550 54 66097 343593 55402 0.94
50028 41 50185 263591 55258 1
50056 42 51409 260246 54554 1
49858 48 58753 310113 55306 0.9
49642 47 57529 298925 55392 0.92
49528 34 41617 216926 55274 1
49720 53 64873 335758 54836 0.98
49450 46 56305 347524 54894 1
50034 35 42841 211558 55702 0.98
50084 39 47737 237889 54980 0.98
49574 56 68545 341284 55690 0.92
49382 54 66097 328761 55814 1
49664 45 55081 268211 55660 0.94
49324 53 64873 315896 56466 0.92
49922 44 53857 265578 56322 0.98
49642 59 72217 363773 55344 1
49514 66 80785 420103 54948 0.94
49934 46 56305 289772 55140 0.94
49526 51 62425 339826 55238 0.86
49608 45 55081 284121 55450 0.9
49628 51 62425 313368 55146 0.9
49534 48 58753 300198 55438 0.98
49366 59 72217 364323 54964 1
49276 54 66097 333949 56054 0.94
49698 48 58753 305794 55340 0.92
49342 70 85681 420571 55766 0.92
49580 47 57529 286140 56242 0.9
49914 37 45289 225725 55300 0.94
49198 55 67321 329002 56086 0.98
49554 73 89353 431764 56430 1
49964 52 63649 310848 56134 1
49894 40 48961 247712 55402 0.96
48952 56 68545 332131 56100 1
49450 57 69769 341564 54942 0.98
49820 45 55081 264236 55546 1
49252 59 72217 359414 55604 0.96
49434 57 69769 355312 55940 0.96
49432 62 75889 372429 55362 1
49496 52 63649 321796 55832 1
49586 48 58753 291694 56008 0.92
49646 47 57529 284021 55886 0.92
49568 54 66097 324568 55614 0.94
49794 54 66097 330084 55110 0.94
49300 61 74665 379368 55794 0.86
49868 44 53857 261669 54722 0.98
50112 51 62425 305140 55592 1
49656 50 61201 301838 55024 1
49418 51 62425 317553 55082 0.94
49368 57 69769 335280 56264 0.92
49430 46 56305 274530 55414 0.9
49734 51 62425 313720 55656 0.98
49610 60 73441 361765 55728 0.98
49530 53 64873 331115 55128 0.94
49610 47 57529 279681 55230 1
49540 47 57529 277396 55214 1
49356 54 66097 323426 54862 0.98
49374 46 56305 287815 56178 0.94
49162 51 62425 351329 54476 1
49862 49 59977 360008 55422 0.96
50010 43 52633 277675 56330 1
49634 64 78337 421151 54974 0.98
49864 51 62425 307462 54722 0.92
49308 48 58753 281507 56932 0.84
49336 49 59977 295079 54988 0.98
49380 62 75889 372064 55470 0.98
49056 63 77113 378474 55214 0.94
49576 60 73441 367844 55758 1
50224 51 62425 311670 54956 0.94
49868 46 56305 291723 55344 0.92
49716 51 62425 314478 55248 0.98
49176 59 72217 348681 55580 0.9
50242 52 63649 307317 55356 0.94
49686 55 67321 320842 55718 1
49698 35 42841 210986 55450 0.98
49796 44 53857 268782 55498 1
49632 57 69769 334201 55360 0.96
49430 49 59977 288941 55658 0.94
49920 41 50185 239592 54838 0.98
49658 51 62425 319693 55512 0.92
49580 41 50185 245397 56126 0.94
49330 59 72217 377807 55892 0.86
50166 38 46513 240124 55580 0.98
49702 58 70993 352511 55788 0.98
49484 54 66097 330815 55588 0.94
49750 53 64873 320592 55724 0.92
49872 45 55081 263595 55510 0.84
49262 50 61201 300159 55534 1
50094 49 59977 292591 54648 1
49430 42 51409 252555 54730 1
49840 47 57529 285761 54776 0.98
49784 50 61201 305754 54984 0.96
49530 49 59977 310059 56486 0.9
49472 50 61201 302686 55054 0.98
50166 45 55081 271330 55062 0.92
49422 53 64873 314385 55286 0.98
49920 49 59977 296808 55196 0.96
49770 45 55081 267860 54602 0.96
49704 47 57529 275573 55938 0.98
49234 54 66097 335605 55778 0.82
50134 46 56305 305463 55598 0.98
49768 46 56305 302254 55528 1
49822 42 51409 251462 55534 1
49978 39 47737 231556 54888 0.98
49344 59 72217 361530 55400 0.94
49866 56 68545 338638 55810 1
49654 49 59977 304048 55034 0.98
49796 47 57529 286041 55320 0.86
50102 40 48961 237218 55404 0.98
49502 47 57529 293298 55528 1
49306 45 55081 282416 55962 0.94
49682 60 73441 364276 55498 0.94
49778 48 58753 291249 55944 0.96
49304 53 64873 328534 55218 0.86
49248 53 64873 331764 55110 0.84
49698 47 57529 310747 56064 0.98
49814 49 59977 319247 55724 0.96
49748 47 57529 297988 55648 1
49616 50 61201 300274 55256 0.98
49562 46 56305 284955 54848 0.94
49270 49 59977 292142 55374 0.98
49908 36 44065 225779 55756 0.88
49568 44 53857 271499 55638 0.86
50112 54 66097 321959 56620 0.98
49350 63 77113 372152 55574 0.98
50100 38 46513 221409 55440 0.96
49720 46 56305 267269 55970 0.94
49774 47 57529 328126 55296 0.94
50370 37 45289 250900 54768 0.96
49456 43 52633 262564 55764 0.9
49474 38 46513 227911 55118 1
49870 41 50185 254773 56472 0.98
49428 45 55081 280464 55168 0.92
49642 46 56305 278597 55290 0.96
50004 37 45289 217360 56630 0.92
49306 52 63649 318641 54950 1
49706 47 57529 300585 55444 1
49854 49 59977 296118 56226 0.98
49788 42 51409 275734 55720 1
49446 43 52633 270919 56002 1
50100 46 56305 272949 55554 0.94
50036 51 62425 351648 54546 1
49852 45 55081 293551 54888 0.96
49994 47 57529 346492 55622 0.96
49344 49 59977 369346 55404 0.98
49856 36 44065 217042 56378 1
49330 62 75889 402552 55566 0.98
49356 63 77113 432025 54656 0.96
49132 60 73441 491145 55016 1
50008 36 44065 217819 55876 1
49244 42 51409 269059 55564 0.92
49882 43 52633 262950 56150 0.92
49258 47 57529 287876 55634 0.88
49264 49 59977 294664 55932 0.98
49560 41 50185 252360 54770 0.88
49464 42 51409 265133 55744 0.96
49976 40 48961 245164 55620 0.94
49676 50 61201 306174 56160 0.94
50124 44 53857 287547 55922 1
49422 56 68545 337293 56252 0.94
49734 49 59977 303441 54882 0.88
50000 43 52633 279510 54702 0.94
49728 42 51409 244884 56020 0.94
49382 48 58753 286089 55340 1
49388 47 57529 288581 55500 0.94
49502 45 55081 267145 55984 1
50016 45 55081 268385 55644 0.92
49910 37 45289 234986 56372 0.96
49256 45 55081 266654 55526 0.94
50368 31 37945 186379 54554 1
49344 51 62425 303220 54708 1
49420 54 66097 361027 54470 1
49272 61 74665 397027 55280 0.84
49776 45 55081 282531 55142 0.98
49578 42 51409 284198 54720 1
49674 50 61201 316141 55244 0.96
49146 59 72217 370105 56188 1
49382 54 66097 344095 55992 1
49580 37 45289 214981 55556 0.94
49638 53 64873 317641 55646 0.98
50060 54 66097 319254 54480 0.98
49180 52 63649 316512 56200 1
49682 41 50185 247591 55104 0.9
49772 48 58753 286196 55678 1
49202 69 84457 415129 55398 0.86
49540 56 68545 424980 55592 0.92
49662 57 69769 358780 55120 0.98
49332 58 70993 365391 55592 0.94
49870 43 52633 255948 55704 0.94
49670 44 53857 291775 55854 1
49598 46 56305 284290 54724 0.98
49378 46 56305 287294 55204 0.94
49470 49 59977 327375 54728 1
49300 44 53857 266357 54884 0.92
49530 44 53857 260683 55686 1
49628 44 53857 256036 56116 0.98
49874 56 68545 344042 55388 0.98
49492 58 70993 347807 55966 0.94
49134 54 66097 331280 54024 1
49338 45 55081 284936 55656 0.98
49254 53 64873 319452 55434 1
49150 64 78337 381516 55316 1
49920 51 62425 305574 55928 0.96
49934 47 57529 311734 55412 1
49786 53 64873 313402 54634 0.94
49642 39 47737 236352 54542 0.96
50064 58 70993 366653 55174 0.92
49300 44 53857 283034 55990 0.9
49436 43 52633 263368 56098 0.9
49550 45 55081 266320 55908 0.96
49858 48 58753 286868 55150 0.9
49470 64 78337 377054 56008 0.94
49716 39 47737 235381 55558 0.94
50130 39 47737 234822 55998 0.98
50256 49 59977 292012 54590 0.98
49818 52 63649 318190 55592 0.84
49878 56 68545 334831 56630 1
49506 58 70993 345482 55888 0.98
49384 51 62425 299422 55816 0.94
49646 44 53857 256959 55638 0.98
50110 39 47737 227913 56268 0.8
49956 46 56305 290261 54970 1
50208 40 48961 291065 55032 0.92
49138 60 73441 371275 56132 0.92
49422 56 68545 350544 55800 0.98
49276 65 79561 385622 55270 1
49406 62 75889 366135 55782 0.94
49840 53 64873 314093 56032 0.96
49546 64 78337 394909 54750 0.82
49396 47 57529 288820 55054 1
50042 48 58753 297382 55518 0.96
49586 51 62425 346617 55942 0.88
49292 58 70993 350224 56076 0.98
49650 47 57529 280555 56446 0.98
50036 43 52633 261225 55116 0.98
49406 43 52633 265346 54808 0.94
49624 54 66097 328816 54560 0.98
49714 44 53857 257433 56018 0.92
49654 52 63649 313084 55204 0.98
50144 46 56305 289514 55008 0.94
49614 47 57529 296057 56142 1
49592 46 56305 269992 55548 1
49726 45 55081 268748 55890 0.98
49248 51 62425 310475 56754 0.86
49840 56 68545 345407 54932 1
49566 56 68545 331191 55396 0.94
49270 63 77113 384780 55406 0.76
49868 60 73441 363026 55226 0.88
49792 53 64873 336323 56392 0.98
49494 46 56305 280263 55414 0.98
49810 50 61201 303424 55310 1
49714 43 52633 260772 55380 0.96
49300 52 63649 304097 56158 0.84
49462 50 61201 309112 56290 1
49144 49 59977 298915 55922 1
49236 46 56305 277310 55634 1
49344 52 63649 329982 54896 0.92
49950 49 59977 303336 56406 0.96
49584 45 55081 277807 55528 0.9
50022 39 47737 245880 55470 0.96
49830 40 48961 243272 55336 0.98
49370 65 79561 397489 55208 1
49930 40 48961 248027 54742 0.96
49588 52 63649 310362 55390 0.98
50394 33 40393 190647 55120 0.98
49618 43 52633 264334 55644 0.98
49850 41 50185 269237 55918 0.9
49448 45 55081 279304 55366 0.9
49804 70 85681 426759 56446 0.94
49878 46 56305 276952 54846 0.9
